BonesSize: 166
ParentIndex: 164
Name: Hips
Index: 0
ChildCount: 3
Child Indicies: 1
Child Indicies: 155
Child Indicies: 159
1.000000 0.000000 -0.000000 0.000000 
0.000000 -0.000000 -1.000000 0.000000 
-0.000000 1.000000 -0.000000 -0.000000 
0.000000 -0.000000 -0.000000 1.000000 
1.000000 0.000000 -0.000000 0.000000 
0.000000 -0.000000 1.000000 0.000000 
-0.000000 -1.000000 -0.000000 -0.000000 
0.000000 -0.000000 0.000000 1.000000 
ParentIndex: 0
Name: Spine
Index: 1
ChildCount: 1
Child Indicies: 2
1.000000 0.000000 -0.000000 0.000000 
0.000000 1.000000 0.000557 0.000000 
-0.000000 -0.000557 1.000000 -0.000000 
0.000000 0.000000 -0.000000 1.000000 
1.000000 0.000000 -0.000000 0.000000 
0.000000 0.000557 1.000000 0.000000 
-0.000000 -1.000000 0.000557 -0.000000 
0.000000 -0.000000 0.000000 1.000000 
ParentIndex: 1
Name: Chest
Index: 2
ChildCount: 17
Child Indicies: 3
Child Indicies: 23
Child Indicies: 44
Child Indicies: 65
Child Indicies: 66
Child Indicies: 74
Child Indicies: 81
Child Indicies: 88
Child Indicies: 95
Child Indicies: 102
Child Indicies: 109
Child Indicies: 115
Child Indicies: 121
Child Indicies: 127
Child Indicies: 134
Child Indicies: 141
Child Indicies: 148
1.000000 0.000000 -0.000000 0.000000 
0.000000 0.974665 0.223672 0.000000 
-0.000000 -0.223672 0.974665 -0.000000 
0.000000 0.000000 0.000000 1.000000 
1.000000 0.000000 -0.000000 0.000000 
0.000000 0.224214 0.974540 0.000000 
-0.000000 -0.974540 0.224214 -0.000000 
0.000000 -0.000000 0.000000 1.000000 
ParentIndex: 2
Name: Neck
Index: 3
ChildCount: 1
Child Indicies: 4
1.000000 0.000000 -0.000000 0.000000 
0.000000 0.936722 -0.350074 0.000000 
-0.000000 0.350074 0.936722 -0.000000 
0.000000 0.000000 0.000000 1.000000 
1.000000 0.000000 -0.000000 0.000000 
0.000000 -0.131135 0.991365 0.000000 
-0.000000 -0.991365 -0.131134 -0.000000 
0.000000 -0.000000 -0.000000 1.000000 
ParentIndex: 3
Name: Head
Index: 4
ChildCount: 12
Child Indicies: 5
Child Indicies: 6
Child Indicies: 7
Child Indicies: 9
Child Indicies: 11
Child Indicies: 12
Child Indicies: 13
Child Indicies: 15
Child Indicies: 17
Child Indicies: 18
Child Indicies: 19
Child Indicies: 21
1.000000 0.000000 -0.000000 0.000000 
0.000000 0.991365 0.131134 0.000000 
-0.000000 -0.131134 0.991365 -0.000000 
0.000000 0.000000 -0.000000 1.000000 
1.000000 0.000000 -0.000000 0.000000 
0.000000 -0.000000 1.000000 0.000000 
-0.000000 -1.000000 -0.000000 -0.000000 
0.000000 -0.000000 0.000000 1.000000 
ParentIndex: 4
Name: Eye_R
Index: 5
ChildCount: 0
-0.942998 -0.149272 0.297442 0.000000 
-0.297442 -0.022851 -0.954467 0.000000 
0.149272 -0.988532 -0.022851 -0.000000 
-0.000000 0.000000 -0.000000 1.000000 
-0.942999 -0.297442 0.149272 0.000000 
0.297442 -0.954467 -0.022851 0.000000 
0.149272 0.022851 0.988532 -0.000000 
0.000000 -0.000000 0.000000 1.000000 
ParentIndex: 4
Name: Eye_L
Index: 6
ChildCount: 0
-0.942998 0.149273 -0.297442 0.000000 
0.297442 -0.022851 -0.954467 0.000000 
-0.149273 -0.988532 -0.022851 -0.000000 
0.000000 0.000000 -0.000000 1.000000 
-0.942999 0.297442 -0.149273 0.000000 
-0.297442 -0.954467 -0.022851 0.000000 
-0.149273 0.022851 0.988532 -0.000000 
-0.000000 -0.000000 0.000000 1.000000 
ParentIndex: 4
Name: +HairB_L_D01
Index: 7
ChildCount: 1
Child Indicies: 8
0.938966 -0.121323 -0.321907 0.000000 
0.321907 0.639880 0.697803 0.000000 
0.121323 -0.758837 0.639880 -0.000000 
0.000000 0.000000 0.000000 1.000000 
0.938966 0.321907 0.121323 0.000000 
-0.321907 0.697803 0.639880 0.000000 
0.121323 -0.639880 0.758838 -0.000000 
0.000000 -0.000000 0.000000 1.000000 
ParentIndex: 7
Name: +HairB_L_D02
Index: 8
ChildCount: 0
0.667704 0.720146 0.188577 0.000000 
-0.613809 0.675919 -0.407888 0.000000 
-0.421202 0.156599 0.893345 -0.000000 
-0.000000 0.000000 -0.000000 1.000000 
0.881650 -0.408248 -0.236701 0.000000 
0.408248 0.408248 0.816497 0.000000 
-0.236701 -0.816497 0.526598 -0.000000 
-0.000000 -0.000000 0.000000 1.000000 
ParentIndex: 4
Name: +HairS_R_C01
Index: 9
ChildCount: 1
Child Indicies: 10
-0.278173 0.301437 0.912006 0.000000 
-0.912006 0.215083 -0.349262 0.000000 
-0.301437 -0.928911 0.215083 -0.000000 
-0.000000 0.000000 -0.000000 1.000000 
-0.278173 -0.912006 -0.301437 0.000000 
0.912006 -0.349262 0.215083 0.000000 
-0.301438 -0.215083 0.928911 -0.000000 
-0.000000 -0.000000 0.000000 1.000000 
ParentIndex: 9
Name: +HairS_R_C02
Index: 10
ChildCount: 0
-0.278173 -0.912006 -0.301437 0.000000 
-0.082192 0.335273 -0.938529 0.000000 
0.957008 -0.236297 -0.168224 -0.000000 
0.000000 0.000000 -0.000000 1.000000 
1.000000 -0.000000 0.000000 0.000000 
-0.000000 -0.393920 0.919145 0.000000 
0.000000 -0.919145 -0.393920 -0.000000 
0.000000 -0.000000 -0.000000 1.000000 
ParentIndex: 4
Name: +EarF_L_A01
Index: 11
ChildCount: 0
1.000000 0.000000 -0.000000 0.000000 
0.000000 1.000000 -0.000000 0.000000 
-0.000000 -0.000000 1.000000 -0.000000 
0.000000 0.000000 0.000000 1.000000 
1.000000 0.000000 -0.000000 0.000000 
0.000000 -0.000000 1.000000 0.000000 
-0.000000 -1.000000 -0.000000 -0.000000 
-0.000000 -0.000000 -0.000000 1.000000 
ParentIndex: 4
Name: +EarF_R_A01
Index: 12
ChildCount: 0
1.000000 0.000000 -0.000000 0.000000 
0.000000 1.000000 -0.000000 0.000000 
-0.000000 -0.000000 1.000000 -0.000000 
-0.000000 0.000000 0.000000 1.000000 
1.000000 0.000000 -0.000000 0.000000 
0.000000 -0.000000 1.000000 0.000000 
-0.000000 -1.000000 -0.000000 -0.000000 
0.000000 -0.000000 -0.000000 1.000000 
ParentIndex: 4
Name: +HairS_L_D01
Index: 13
ChildCount: 1
Child Indicies: 14
0.522034 0.348304 -0.778566 0.000000 
0.778566 -0.567357 0.268218 0.000000 
-0.348303 -0.746184 -0.567357 -0.000000 
0.000000 0.000000 0.000000 1.000000 
0.522034 0.778566 -0.348304 0.000000 
-0.778567 0.268218 -0.567357 0.000000 
-0.348303 0.567357 0.746185 -0.000000 
-0.000000 0.000000 0.000000 1.000000 
ParentIndex: 13
Name: +HairS_L_D02
Index: 14
ChildCount: 0
0.905134 0.275960 -0.323387 0.000000 
-0.078072 0.855645 0.511642 0.000000 
0.417897 -0.437857 0.796017 -0.000000 
0.000000 0.000000 -0.000000 1.000000 
0.800001 0.447214 -0.400000 0.000000 
-0.447213 0.000000 -0.894428 0.000000 
-0.400000 0.894428 0.200000 -0.000000 
-0.000000 0.000000 0.000000 1.000000 
ParentIndex: 4
Name: +HairS_R_D01
Index: 15
ChildCount: 1
Child Indicies: 16
0.522015 -0.348305 0.778578 0.000000 
-0.778578 -0.567346 0.268207 0.000000 
0.348305 -0.746192 -0.567346 -0.000000 
-0.000000 0.000000 0.000000 1.000000 
0.522015 -0.778578 0.348305 0.000000 
0.778578 0.268207 -0.567346 0.000000 
0.348305 0.567346 0.746192 -0.000000 
0.000000 0.000000 0.000000 1.000000 
ParentIndex: 15
Name: +HairS_R_D02
Index: 16
ChildCount: 0
0.905125 -0.275978 0.323396 0.000000 
0.078081 0.855640 0.511647 0.000000 
-0.417915 -0.437853 0.796010 -0.000000 
0.000000 0.000000 0.000000 1.000000 
0.800000 -0.447214 0.400000 0.000000 
0.447214 0.000000 -0.894427 0.000000 
0.400000 0.894427 0.200000 -0.000000 
0.000000 0.000000 0.000000 1.000000 
ParentIndex: 4
Name: +ToothBone_D_A01
Index: 17
ChildCount: 0
1.000000 0.000000 -0.000000 0.000000 
0.000000 1.000000 -0.000000 0.000000 
-0.000000 -0.000000 1.000000 -0.000000 
0.000000 0.000000 -0.000000 1.000000 
1.000000 0.000000 -0.000000 0.000000 
0.000000 -0.000000 1.000000 0.000000 
-0.000000 -1.000000 -0.000000 -0.000000 
-0.000000 -0.000000 0.000000 1.000000 
ParentIndex: 4
Name: +ToothBone_U_A01
Index: 18
ChildCount: 0
1.000000 0.000000 -0.000000 0.000000 
0.000000 1.000000 -0.000000 0.000000 
-0.000000 -0.000000 1.000000 -0.000000 
0.000000 0.000000 -0.000000 1.000000 
1.000000 0.000000 -0.000000 0.000000 
0.000000 -0.000000 1.000000 0.000000 
-0.000000 -1.000000 -0.000000 -0.000000 
-0.000000 -0.000000 0.000000 1.000000 
ParentIndex: 4
Name: +HairS_L_A01
Index: 19
ChildCount: 1
Child Indicies: 20
0.934947 -0.261051 0.240263 0.000000 
-0.240264 -0.964152 -0.112622 0.000000 
0.261051 0.047569 -0.964152 -0.000000 
0.000000 0.000000 -0.000000 1.000000 
0.934946 -0.240264 0.261050 0.000000 
0.240263 -0.112622 -0.964152 0.000000 
0.261051 0.964152 -0.047569 -0.000000 
0.000000 0.000000 -0.000000 1.000000 
ParentIndex: 19
Name: +HairS_L_A02
Index: 20
ChildCount: 0
0.590224 0.573737 -0.567858 0.000000 
-0.533548 0.805159 0.258933 0.000000 
0.605775 0.150151 0.781340 -0.000000 
-0.000000 0.000000 0.000000 1.000000 
0.265740 -0.624695 0.734260 0.000000 
0.624695 -0.468521 -0.624695 0.000000 
0.734260 0.624695 0.265738 -0.000000 
0.000000 0.000000 0.000000 1.000000 
ParentIndex: 4
Name: +HairS_R_A01
Index: 21
ChildCount: 1
Child Indicies: 22
0.938130 0.248284 -0.241384 0.000000 
0.241384 -0.968681 -0.058238 0.000000 
-0.248284 -0.003631 -0.968681 -0.000000 
-0.000000 0.000000 -0.000000 1.000000 
0.938130 0.241384 -0.248283 0.000000 
-0.241384 -0.058238 -0.968681 0.000000 
-0.248284 0.968680 0.003631 -0.000000 
-0.000000 0.000000 -0.000000 1.000000 
ParentIndex: 21
Name: +HairS_R_A02
Index: 22
ChildCount: 0
0.582395 -0.610738 0.536485 0.000000 
0.544037 0.783207 0.301015 0.000000 
-0.604020 0.116558 0.788400 -0.000000 
0.000000 0.000000 -0.000000 1.000000 
0.265740 0.624694 -0.734261 0.000000 
-0.624695 -0.468521 -0.624695 0.000000 
-0.734260 0.624695 0.265738 -0.000000 
-0.000000 0.000000 0.000000 1.000000 
ParentIndex: 2
Name: Right shoulder
Index: 23
ChildCount: 1
Child Indicies: 24
0.135345 -0.135969 0.981424 0.000000 
-0.925951 -0.369823 0.076459 0.000000 
0.352557 -0.919099 -0.175955 -0.000000 
-0.000000 0.000000 0.000000 1.000000 
0.135346 -0.925951 0.352558 0.000000 
0.925951 -0.008407 -0.377550 0.000000 
0.352557 0.377551 0.856247 -0.000000 
0.000000 0.000000 0.000000 1.000000 
ParentIndex: 23
Name: Right arm
Index: 24
ChildCount: 2
Child Indicies: 25
Child Indicies: 26
0.944090 -0.192865 0.267389 0.000000 
0.119577 0.956124 0.267446 0.000000 
-0.307238 -0.220520 0.925730 -0.000000 
0.000000 0.000000 -0.000000 1.000000 
0.400632 -0.774850 0.488980 0.000000 
0.774850 0.001709 -0.632143 0.000000 
0.488980 0.632143 0.601077 -0.000000 
0.000000 0.000000 0.000000 1.000000 
ParentIndex: 24
Name: zArmTwist_R
Index: 25
ChildCount: 0
0.999975 0.007022 0.000020 0.000000 
-0.007022 0.999959 0.005729 0.000000 
0.000020 -0.005729 0.999984 -0.000000 
-0.000000 0.000000 0.000000 1.000000 
0.395191 -0.774830 0.493419 0.000000 
0.774830 -0.007354 -0.632127 0.000000 
0.493419 0.632127 0.597456 -0.000000 
0.000000 0.000000 0.000000 1.000000 
ParentIndex: 24
Name: Right elbow
Index: 26
ChildCount: 2
Child Indicies: 27
Child Indicies: 28
0.999908 0.013361 0.002470 0.000000 
-0.013395 0.999813 0.013970 0.000000 
-0.002283 -0.014002 0.999899 -0.000000 
-0.000000 0.000000 0.000000 1.000000 
0.391450 -0.773240 0.498866 0.000000 
0.773240 -0.017501 -0.633872 0.000000 
0.498866 0.633872 0.591049 -0.000000 
0.000000 0.000000 0.000000 1.000000 
ParentIndex: 26
Name: zHandTwist_R
Index: 27
ChildCount: 0
1.000000 0.000000 -0.000000 0.000000 
0.000000 1.000000 -0.000000 0.000000 
-0.000000 -0.000000 1.000000 -0.000000 
0.000000 0.000000 0.000000 1.000000 
0.391449 -0.773240 0.498866 0.000000 
0.773241 -0.017501 -0.633872 0.000000 
0.498866 0.633872 0.591050 -0.000000 
0.000000 0.000000 0.000000 1.000000 
ParentIndex: 26
Name: Right wrist
Index: 28
ChildCount: 5
Child Indicies: 29
Child Indicies: 32
Child Indicies: 35
Child Indicies: 38
Child Indicies: 41
0.998822 -0.048420 0.003239 0.000000 
0.048506 0.998149 -0.036687 0.000000 
-0.001457 0.036801 0.999322 -0.000000 
0.000000 0.000000 0.000000 1.000000 
0.430045 -0.771123 0.469501 0.000000 
0.771123 0.043293 -0.635213 0.000000 
0.469501 0.635213 0.613249 -0.000000 
0.000000 0.000000 0.000000 1.000000 
ParentIndex: 28
Name: Thumb0_R
Index: 29
ChildCount: 1
Child Indicies: 30
0.654423 -0.509315 0.558863 0.000000 
-0.319822 0.483290 0.814951 0.000000 
-0.685160 -0.712060 0.153386 -0.000000 
-0.000000 0.000000 0.000000 1.000000 
0.936563 -0.127594 0.326451 0.000000 
0.127594 -0.743366 -0.656603 0.000000 
0.326451 0.656603 -0.679929 -0.000000 
0.000000 0.000000 -0.000000 1.000000 
ParentIndex: 29
Name: Thumb1_R
Index: 30
ChildCount: 1
Child Indicies: 31
0.798932 0.046753 -0.599601 0.000000 
-0.267479 0.920569 -0.284620 0.000000 
0.538667 0.387773 0.747977 -0.000000 
0.000000 0.000000 -0.000000 1.000000 
0.546544 -0.460884 0.699196 0.000000 
0.460884 -0.531566 -0.710650 0.000000 
0.699196 0.710650 -0.078110 -0.000000 
0.000000 0.000000 0.000000 1.000000 
ParentIndex: 30
Name: Thumb2_R
Index: 31
ChildCount: 0
0.959911 0.117520 -0.254480 0.000000 
-0.133220 0.990050 -0.045302 0.000000 
0.246624 0.077387 0.966016 -0.000000 
-0.000000 0.000000 0.000000 1.000000 
0.292539 -0.560784 0.774559 0.000000 
0.560784 -0.555483 -0.613971 0.000000 
0.774559 0.613971 0.151978 -0.000000 
0.000000 0.000000 0.000000 1.000000 
ParentIndex: 28
Name: IndexFinger1_R
Index: 32
ChildCount: 1
Child Indicies: 33
0.997293 0.055102 -0.048695 0.000000 
-0.056036 0.998266 -0.018038 0.000000 
0.047617 0.020718 0.998651 -0.000000 
-0.000000 0.000000 0.000000 1.000000 
0.363528 -0.802353 0.473369 0.000000 
0.802353 0.011465 -0.596740 0.000000 
0.473369 0.596740 0.647938 -0.000000 
0.000000 0.000000 0.000000 1.000000 
ParentIndex: 32
Name: IndexFinger2_R
Index: 33
ChildCount: 1
Child Indicies: 34
0.999929 0.004886 -0.010831 0.000000 
-0.004993 0.999938 -0.009922 0.000000 
0.010782 0.009975 0.999892 -0.000000 
0.000000 0.000000 -0.000000 1.000000 
0.354455 -0.808815 0.469233 0.000000 
0.808815 0.013379 -0.587911 0.000000 
0.469233 0.587911 0.658924 -0.000000 
0.000000 0.000000 0.000000 1.000000 
ParentIndex: 33
Name: IndexFinger3_R
Index: 34
ChildCount: 0
0.996700 0.028802 -0.075888 0.000000 
-0.034112 0.996989 -0.069636 0.000000 
0.073654 0.071995 0.994682 -0.000000 
-0.000000 0.000000 -0.000000 1.000000 
0.294381 -0.851147 0.434614 0.000000 
0.851147 0.026688 -0.524249 0.000000 
0.434614 0.524250 0.732307 -0.000000 
0.000000 0.000000 0.000000 1.000000 
ParentIndex: 28
Name: MiddleFinger1_R
Index: 35
ChildCount: 1
Child Indicies: 36
0.998988 0.032119 0.031493 0.000000 
-0.034199 0.997107 0.067883 0.000000 
-0.029222 -0.068891 0.997196 -0.000000 
-0.000000 0.000000 -0.000000 1.000000 
0.419628 -0.751728 0.508741 0.000000 
0.751728 -0.026323 -0.658948 0.000000 
0.508741 0.658948 0.554049 -0.000000 
0.000000 0.000000 0.000000 1.000000 
ParentIndex: 35
Name: MiddleFinger2_R
Index: 36
ChildCount: 1
Child Indicies: 37
0.999397 0.018515 -0.029367 0.000000 
-0.019135 0.999596 -0.021002 0.000000 
0.028966 0.021551 0.999348 -0.000000 
0.000000 0.000000 -0.000000 1.000000 
0.390517 -0.770139 0.504364 0.000000 
0.770139 -0.026858 -0.637311 0.000000 
0.504364 0.637311 0.582625 -0.000000 
0.000000 0.000000 0.000000 1.000000 
ParentIndex: 36
Name: MiddleFinger3_R
Index: 37
ChildCount: 0
0.999965 0.004448 -0.007080 0.000000 
-0.004485 0.999976 -0.005220 0.000000 
0.007057 0.005251 0.999961 -0.000000 
-0.000000 0.000000 0.000000 1.000000 
0.383507 -0.774505 0.503056 0.000000 
0.774505 -0.026985 -0.631992 0.000000 
0.503056 0.631993 0.589509 -0.000000 
0.000000 0.000000 0.000000 1.000000 
ParentIndex: 28
Name: RingFinger1_R
Index: 38
ChildCount: 1
Child Indicies: 39
0.997530 0.067673 -0.018824 0.000000 
-0.067104 0.997313 0.029400 0.000000 
0.020763 -0.028064 0.999390 -0.000000 
0.000000 0.000000 -0.000000 1.000000 
0.367960 -0.784105 0.499785 0.000000 
0.784105 -0.027244 -0.620030 0.000000 
0.499784 0.620030 0.604796 -0.000000 
0.000000 0.000000 0.000000 1.000000 
ParentIndex: 38
Name: RingFinger2_R
Index: 39
ChildCount: 1
Child Indicies: 40
0.996468 0.047993 -0.068910 0.000000 
-0.051047 0.997759 -0.043266 0.000000 
0.066680 0.046631 0.996684 -0.000000 
0.000000 0.000000 -0.000000 1.000000 
0.294589 -0.822755 0.486099 0.000000 
0.822755 -0.040382 -0.566961 0.000000 
0.486099 0.566961 0.665029 -0.000000 
0.000000 0.000000 0.000000 1.000000 
ParentIndex: 39
Name: RingFinger3_R
Index: 40
ChildCount: 0
0.996857 0.042819 -0.066654 0.000000 
-0.045845 0.997955 -0.044543 0.000000 
0.064610 0.047458 0.996781 -0.000000 
-0.000000 0.000000 0.000000 1.000000 
0.226033 -0.856230 0.464522 0.000000 
0.856230 -0.052765 -0.513894 0.000000 
0.464522 0.513894 0.721202 -0.000000 
0.000000 0.000000 0.000000 1.000000 
ParentIndex: 28
Name: LittleFinger1_R
Index: 41
ChildCount: 1
Child Indicies: 42
0.997975 -0.025826 -0.058128 0.000000 
0.019936 0.994817 -0.099711 0.000000 
0.060402 0.098350 0.993317 -0.000000 
0.000000 0.000000 -0.000000 1.000000 
0.421797 -0.805367 0.416498 0.000000 
0.805367 0.121780 -0.580132 0.000000 
0.416498 0.580133 0.699983 -0.000000 
0.000000 0.000000 0.000000 1.000000 
ParentIndex: 41
Name: LittleFinger2_R
Index: 42
ChildCount: 1
Child Indicies: 43
0.991205 0.125554 -0.041827 0.000000 
-0.124275 0.991735 0.031910 0.000000 
0.045487 -0.026432 0.998615 -0.000000 
0.000000 0.000000 0.000000 1.000000 
0.299550 -0.837839 0.456396 0.000000 
0.837839 0.002174 -0.545914 0.000000 
0.456395 0.545914 0.702625 -0.000000 
0.000000 0.000000 0.000000 1.000000 
ParentIndex: 42
Name: LittleFinger3_R
Index: 43
ChildCount: 0
0.999550 -0.020445 0.021932 0.000000 
0.020155 0.999707 0.013391 0.000000 
-0.022200 -0.012943 0.999670 -0.000000 
-0.000000 0.000000 0.000000 1.000000 
0.326555 -0.825444 0.460439 0.000000 
0.825444 0.011750 -0.564361 0.000000 
0.460439 0.564362 0.685195 -0.000000 
0.000000 0.000000 0.000000 1.000000 
ParentIndex: 2
Name: Left shoulder
Index: 44
ChildCount: 1
Child Indicies: 45
0.135345 0.135969 -0.981424 0.000000 
0.925951 -0.369823 0.076459 0.000000 
-0.352557 -0.919099 -0.175955 -0.000000 
0.000000 0.000000 0.000000 1.000000 
0.135346 0.925951 -0.352558 0.000000 
-0.925951 -0.008407 -0.377550 0.000000 
-0.352557 0.377551 0.856247 -0.000000 
-0.000000 0.000000 0.000000 1.000000 
ParentIndex: 44
Name: Left arm
Index: 45
ChildCount: 2
Child Indicies: 46
Child Indicies: 47
0.944090 0.192865 -0.267389 0.000000 
-0.119577 0.956124 0.267446 0.000000 
0.307238 -0.220520 0.925730 -0.000000 
-0.000000 0.000000 -0.000000 1.000000 
0.400632 0.774850 -0.488980 0.000000 
-0.774850 0.001709 -0.632143 0.000000 
-0.488980 0.632143 0.601077 -0.000000 
-0.000000 0.000000 0.000000 1.000000 
ParentIndex: 45
Name: zArmTwist_L
Index: 46
ChildCount: 0
0.999975 -0.007022 -0.000020 0.000000 
0.007022 0.999959 0.005729 0.000000 
-0.000020 -0.005729 0.999984 -0.000000 
0.000000 0.000000 0.000000 1.000000 
0.395191 0.774830 -0.493419 0.000000 
-0.774830 -0.007354 -0.632127 0.000000 
-0.493419 0.632127 0.597456 -0.000000 
-0.000000 0.000000 0.000000 1.000000 
ParentIndex: 45
Name: Left elbow
Index: 47
ChildCount: 2
Child Indicies: 48
Child Indicies: 49
0.999908 -0.013361 -0.002470 0.000000 
0.013395 0.999813 0.013970 0.000000 
0.002283 -0.014002 0.999899 -0.000000 
0.000000 0.000000 0.000000 1.000000 
0.391450 0.773240 -0.498866 0.000000 
-0.773240 -0.017501 -0.633872 0.000000 
-0.498866 0.633872 0.591049 -0.000000 
-0.000000 0.000000 0.000000 1.000000 
ParentIndex: 47
Name: zHandTwist_L
Index: 48
ChildCount: 0
1.000000 0.000000 -0.000000 0.000000 
0.000000 1.000000 -0.000000 0.000000 
-0.000000 -0.000000 1.000000 -0.000000 
-0.000000 0.000000 0.000000 1.000000 
0.391449 0.773240 -0.498866 0.000000 
-0.773241 -0.017501 -0.633872 0.000000 
-0.498866 0.633872 0.591050 -0.000000 
-0.000000 0.000000 0.000000 1.000000 
ParentIndex: 47
Name: Left wrist
Index: 49
ChildCount: 5
Child Indicies: 50
Child Indicies: 53
Child Indicies: 56
Child Indicies: 59
Child Indicies: 62
0.998822 0.048420 -0.003239 0.000000 
-0.048506 0.998149 -0.036687 0.000000 
0.001457 0.036801 0.999322 -0.000000 
-0.000000 0.000000 0.000000 1.000000 
0.430045 0.771123 -0.469501 0.000000 
-0.771123 0.043293 -0.635213 0.000000 
-0.469501 0.635213 0.613249 -0.000000 
-0.000000 0.000000 0.000000 1.000000 
ParentIndex: 49
Name: Thumb0_L
Index: 50
ChildCount: 1
Child Indicies: 51
0.654423 0.509315 -0.558864 0.000000 
0.319824 0.483289 0.814951 0.000000 
0.685159 -0.712061 0.153384 -0.000000 
0.000000 0.000000 0.000000 1.000000 
0.936562 0.127594 -0.326452 0.000000 
-0.127593 -0.743367 -0.656601 0.000000 
-0.326452 0.656601 -0.679930 -0.000000 
-0.000000 0.000000 -0.000000 1.000000 
ParentIndex: 50
Name: Thumb1_L
Index: 51
ChildCount: 1
Child Indicies: 52
0.798948 -0.046752 0.599580 0.000000 
0.267465 0.920573 -0.284620 0.000000 
-0.538650 0.387763 0.747995 -0.000000 
0.000000 0.000000 0.000000 1.000000 
0.546567 0.460871 -0.699187 0.000000 
-0.460871 -0.531569 -0.710656 0.000000 
-0.699187 0.710656 -0.078136 -0.000000 
-0.000000 0.000000 0.000000 1.000000 
ParentIndex: 51
Name: Thumb2_L
Index: 52
ChildCount: 0
0.959902 -0.117530 0.254511 0.000000 
0.133234 0.990048 -0.045309 0.000000 
-0.246653 0.077402 0.966008 -0.000000 
-0.000000 0.000000 -0.000000 1.000000 
0.292533 0.560786 -0.774560 0.000000 
-0.560786 -0.555483 -0.613969 0.000000 
-0.774560 0.613969 0.151983 -0.000000 
-0.000000 0.000000 0.000000 1.000000 
ParentIndex: 49
Name: IndexFinger1_L
Index: 53
ChildCount: 1
Child Indicies: 54
0.997293 -0.055099 0.048688 0.000000 
0.056033 0.998266 -0.018031 0.000000 
-0.047610 0.020710 0.998651 -0.000000 
0.000000 0.000000 0.000000 1.000000 
0.363534 0.802348 -0.473372 0.000000 
-0.802348 0.011463 -0.596746 0.000000 
-0.473372 0.596747 0.647930 -0.000000 
-0.000000 0.000000 0.000000 1.000000 
ParentIndex: 53
Name: IndexFinger2_L
Index: 54
ChildCount: 1
Child Indicies: 55
0.999930 -0.004880 0.010819 0.000000 
0.004988 0.999938 -0.009911 0.000000 
-0.010770 0.009965 0.999892 -0.000000 
0.000000 0.000000 -0.000000 1.000000 
0.354471 0.808804 -0.469241 0.000000 
-0.808804 0.013375 -0.587927 0.000000 
-0.469241 0.587927 0.658905 -0.000000 
-0.000000 0.000000 0.000000 1.000000 
ParentIndex: 54
Name: IndexFinger3_L
Index: 55
ChildCount: 0
0.996700 -0.028805 0.075895 0.000000 
0.034116 0.996988 -0.069643 0.000000 
-0.073661 0.072003 0.994681 -0.000000 
-0.000000 0.000000 0.000000 1.000000 
0.294390 0.851141 -0.434620 0.000000 
-0.851141 0.026687 -0.524259 0.000000 
-0.434619 0.524259 0.732297 -0.000000 
-0.000000 0.000000 0.000000 1.000000 
ParentIndex: 49
Name: MiddleFinger1_L
Index: 56
ChildCount: 1
Child Indicies: 57
0.998988 -0.032118 -0.031495 0.000000 
0.034198 0.997107 0.067884 0.000000 
0.029223 -0.068892 0.997196 -0.000000 
0.000000 0.000000 -0.000000 1.000000 
0.419629 0.751727 -0.508741 0.000000 
-0.751727 -0.026323 -0.658949 0.000000 
-0.508741 0.658949 0.554048 -0.000000 
-0.000000 0.000000 0.000000 1.000000 
ParentIndex: 56
Name: MiddleFinger2_L
Index: 57
ChildCount: 1
Child Indicies: 58
0.999398 -0.018509 0.029358 0.000000 
0.019130 0.999597 -0.020995 0.000000 
-0.028957 0.021544 0.999348 -0.000000 
0.000000 0.000000 0.000000 1.000000 
0.390527 0.770133 -0.504366 0.000000 
-0.770132 -0.026858 -0.637318 0.000000 
-0.504366 0.637319 0.582615 -0.000000 
-0.000000 0.000000 0.000000 1.000000 
ParentIndex: 57
Name: MiddleFinger3_L
Index: 58
ChildCount: 0
0.999965 -0.004445 0.007075 0.000000 
0.004482 0.999976 -0.005217 0.000000 
-0.007052 0.005248 0.999961 -0.000000 
0.000000 0.000000 0.000000 1.000000 
0.383522 0.774496 -0.503059 0.000000 
-0.774495 -0.026984 -0.632004 0.000000 
-0.503059 0.632004 0.589494 -0.000000 
-0.000000 0.000000 0.000000 1.000000 
ParentIndex: 49
Name: RingFinger1_L
Index: 59
ChildCount: 1
Child Indicies: 60
0.997531 -0.067665 0.018814 0.000000 
0.067096 0.997313 0.029406 0.000000 
-0.020753 -0.028071 0.999390 -0.000000 
-0.000000 0.000000 -0.000000 1.000000 
0.367971 0.784100 -0.499785 0.000000 
-0.784100 -0.027241 -0.620037 0.000000 
-0.499786 0.620037 0.604788 -0.000000 
-0.000000 0.000000 0.000000 1.000000 
ParentIndex: 59
Name: RingFinger2_L
Index: 60
ChildCount: 1
Child Indicies: 61
0.996469 -0.047988 0.068900 0.000000 
0.051041 0.997759 -0.043258 0.000000 
-0.066670 0.046622 0.996685 -0.000000 
-0.000000 0.000000 0.000000 1.000000 
0.294609 0.822744 -0.486105 0.000000 
-0.822744 -0.040380 -0.566976 0.000000 
-0.486105 0.566976 0.665011 -0.000000 
-0.000000 0.000000 0.000000 1.000000 
ParentIndex: 60
Name: RingFinger3_L
Index: 61
ChildCount: 0
0.996855 -0.042829 0.066674 0.000000 
0.045856 0.997954 -0.044557 0.000000 
-0.064629 0.047475 0.996779 -0.000000 
-0.000000 0.000000 0.000000 1.000000 
0.226035 0.856230 -0.464521 0.000000 
-0.856230 -0.052762 -0.513894 0.000000 
-0.464520 0.513894 0.721203 -0.000000 
-0.000000 0.000000 0.000000 1.000000 
ParentIndex: 49
Name: LittleFinger1_L
Index: 62
ChildCount: 1
Child Indicies: 63
0.997975 0.025832 0.058120 0.000000 
-0.019943 0.994817 -0.099707 0.000000 
-0.060395 0.098346 0.993318 -0.000000 
-0.000000 0.000000 -0.000000 1.000000 
0.421806 0.805362 -0.416499 0.000000 
-0.805362 0.121783 -0.580138 0.000000 
-0.416499 0.580139 0.699977 -0.000000 
-0.000000 0.000000 0.000000 1.000000 
ParentIndex: 62
Name: LittleFinger2_L
Index: 63
ChildCount: 1
Child Indicies: 64
0.991204 -0.125557 0.041834 0.000000 
0.124278 0.991734 0.031904 0.000000 
-0.045494 -0.026424 0.998615 -0.000000 
0.000000 0.000000 0.000000 1.000000 
0.299553 0.837839 -0.456393 0.000000 
-0.837839 0.002179 -0.545914 0.000000 
-0.456393 0.545914 0.702626 -0.000000 
-0.000000 0.000000 0.000000 1.000000 
ParentIndex: 63
Name: LittleFinger3_L
Index: 64
ChildCount: 0
0.999550 0.020448 -0.021943 0.000000 
-0.020157 0.999707 0.013403 0.000000 
0.022211 -0.012955 0.999669 -0.000000 
-0.000000 0.000000 0.000000 1.000000 
0.326565 0.825438 -0.460443 0.000000 
-0.825438 0.011749 -0.564370 0.000000 
-0.460443 0.564371 0.685185 -0.000000 
-0.000000 0.000000 0.000000 1.000000 
ParentIndex: 2
Name: +HatB_CB_A01
Index: 65
ChildCount: 0
1.000000 0.000000 -0.000000 0.000000 
0.000000 0.974540 -0.224214 0.000000 
-0.000000 0.224214 0.974540 -0.000000 
0.000000 0.000000 0.000000 1.000000 
1.000000 0.000000 -0.000000 0.000000 
0.000000 -0.000000 1.000000 0.000000 
-0.000000 -1.000000 -0.000000 -0.000000 
-0.000000 -0.000000 -0.000000 1.000000 
ParentIndex: 2
Name: +BagB_CB_A01
Index: 66
ChildCount: 3
Child Indicies: 67
Child Indicies: 70
Child Indicies: 72
1.000000 0.000000 -0.000000 0.000000 
0.000000 0.974540 -0.224214 0.000000 
-0.000000 0.224214 0.974540 -0.000000 
0.000000 0.000000 0.000000 1.000000 
1.000000 0.000000 -0.000000 0.000000 
0.000000 -0.000000 1.000000 0.000000 
-0.000000 -1.000000 -0.000000 -0.000000 
-0.000000 -0.000000 -0.000000 1.000000 
ParentIndex: 66
Name: +BagB_L_A01
Index: 67
ChildCount: 1
Child Indicies: 68
0.925369 0.257266 -0.278399 0.000000 
0.278399 -0.959693 0.038526 0.000000 
-0.257266 -0.113157 -0.959693 -0.000000 
0.000000 -0.000000 0.000000 1.000000 
0.925368 0.278399 -0.257266 0.000000 
-0.278399 0.038526 -0.959692 0.000000 
-0.257266 0.959692 0.113157 -0.000000 
-0.000000 0.000000 0.000000 1.000000 
ParentIndex: 67
Name: +BagB_L_A02
Index: 68
ChildCount: 1
Child Indicies: 69
0.918340 0.290920 -0.268360 0.000000 
-0.280316 0.956740 0.077916 0.000000 
0.279418 0.003672 0.960163 -0.000000 
0.000000 0.000000 -0.000000 1.000000 
0.999834 -0.013085 0.012569 0.000000 
0.013085 0.040124 -0.999109 0.000000 
0.012569 0.999109 0.040289 -0.000000 
-0.000000 0.000000 0.000000 1.000000 
ParentIndex: 68
Name: +BagB_L_A03
Index: 69
ChildCount: 0
0.943585 -0.240352 0.227767 0.000000 
0.237070 0.970581 0.042083 0.000000 
-0.231181 0.014288 0.972806 -0.000000 
0.000000 0.000000 -0.000000 1.000000 
0.949437 0.224860 -0.219102 0.000000 
-0.224860 0.000000 -0.974391 0.000000 
-0.219101 0.974391 0.050562 -0.000000 
-0.000000 0.000000 0.000000 1.000000 
ParentIndex: 66
Name: +BagB_R_B01
Index: 70
ChildCount: 1
Child Indicies: 71
1.000000 -0.000082 0.000085 0.000000 
-0.000085 -0.999276 0.038037 0.000000 
0.000082 -0.038037 -0.999276 -0.000000 
-0.000000 -0.000000 0.000000 1.000000 
1.000000 -0.000085 0.000082 0.000000 
0.000086 0.038040 -0.999126 0.000000 
0.000082 0.999276 0.038034 -0.000000 
0.000000 0.000000 0.000000 1.000000 
ParentIndex: 70
Name: +BagB_R_B02
Index: 71
ChildCount: 0
1.000000 -0.000085 0.000082 0.000000 
0.000082 0.999276 0.038034 0.000000 
-0.000085 -0.038034 0.999276 -0.000000 
-0.000000 0.000000 0.000000 1.000000 
1.000000 0.000000 0.000001 0.000000 
0.000001 0.000000 -0.999849 0.000000 
-0.000000 1.000000 0.000000 -0.000000 
0.000000 0.000000 0.000000 1.000000 
ParentIndex: 66
Name: +BagB_L_B01
Index: 72
ChildCount: 1
Child Indicies: 73
1.000000 0.000056 -0.000059 0.000000 
0.000058 -0.999276 0.038043 0.000000 
-0.000056 -0.038043 -0.999276 -0.000000 
0.000000 -0.000000 0.000000 1.000000 
1.000000 0.000058 -0.000056 0.000000 
-0.000059 0.038044 -0.999227 0.000000 
-0.000056 0.999276 0.038042 -0.000000 
-0.000000 0.000000 0.000000 1.000000 
ParentIndex: 72
Name: +BagB_L_B02
Index: 73
ChildCount: 0
1.000000 0.000058 -0.000056 0.000000 
-0.000056 0.999276 0.038042 0.000000 
0.000058 -0.038042 0.999276 -0.000000 
-0.000000 0.000000 -0.000000 1.000000 
1.000000 -0.000000 -0.000000 0.000000 
-0.000000 0.000000 -0.999951 0.000000 
0.000000 1.000000 0.000000 -0.000000 
-0.000000 0.000000 0.000000 1.000000 
ParentIndex: 2
Name: Q_0_0
Index: 74
ChildCount: 1
Child Indicies: 75
1.000000 0.000000 -0.000000 0.000000 
0.000000 -0.999417 0.034146 0.000000 
-0.000000 -0.034146 -0.999417 -0.000000 
-0.000000 -0.000000 -0.000000 1.000000 
1.000000 0.000000 -0.000000 0.000000 
0.000000 -0.190809 -0.981807 0.000000 
-0.000000 0.981627 -0.190844 -0.000000 
0.000000 0.000000 -0.000000 1.000000 
ParentIndex: 74
Name: Q_1_0
Index: 75
ChildCount: 1
Child Indicies: 76
1.000000 0.000000 -0.000000 0.000000 
0.000000 1.000000 -0.000000 0.000000 
-0.000000 -0.000000 1.000000 -0.000000 
0.000000 0.000000 -0.000000 1.000000 
1.000000 0.000000 -0.000000 0.000000 
0.000000 -0.190808 -0.981807 0.000000 
-0.000000 0.981628 -0.190843 -0.000000 
0.000000 0.000000 -0.000000 1.000000 
ParentIndex: 75
Name: Q_2_0
Index: 76
ChildCount: 1
Child Indicies: 77
1.000000 0.000000 -0.000000 0.000000 
0.000000 1.000000 -0.000000 0.000000 
-0.000000 -0.000000 1.000000 -0.000000 
0.000000 0.000000 0.000000 1.000000 
1.000000 0.000000 -0.000000 0.000000 
0.000000 -0.190809 -0.981807 0.000000 
-0.000000 0.981627 -0.190843 -0.000000 
0.000000 0.000000 -0.000000 1.000000 
ParentIndex: 76
Name: Q_3_0
Index: 77
ChildCount: 1
Child Indicies: 78
1.000000 0.000000 -0.000000 0.000000 
0.000000 1.000000 -0.000000 0.000000 
-0.000000 -0.000000 1.000000 -0.000000 
0.000000 0.000000 -0.000000 1.000000 
1.000000 0.000000 -0.000000 0.000000 
0.000000 -0.190809 -0.981807 0.000000 
-0.000000 0.981627 -0.190844 -0.000000 
0.000000 0.000000 -0.000000 1.000000 
ParentIndex: 77
Name: Q_4_0
Index: 78
ChildCount: 1
Child Indicies: 79
1.000000 0.000000 -0.000000 0.000000 
0.000000 1.000000 -0.000000 0.000000 
-0.000000 -0.000000 1.000000 -0.000000 
0.000000 0.000000 0.000000 1.000000 
1.000000 0.000000 -0.000000 0.000000 
0.000000 -0.190809 -0.981807 0.000000 
-0.000000 0.981627 -0.190844 -0.000000 
0.000000 0.000000 -0.000000 1.000000 
ParentIndex: 78
Name: Q_5_0
Index: 79
ChildCount: 1
Child Indicies: 80
1.000000 0.000000 -0.000000 0.000000 
0.000000 1.000000 -0.000000 0.000000 
-0.000000 -0.000000 1.000000 -0.000000 
0.000000 0.000000 -0.000000 1.000000 
1.000000 0.000000 -0.000000 0.000000 
0.000000 -0.190809 -0.981807 0.000000 
-0.000000 0.981628 -0.190844 -0.000000 
0.000000 0.000000 -0.000000 1.000000 
ParentIndex: 79
Name: Q_6_0
Index: 80
ChildCount: 0
1.000000 0.000000 -0.000000 0.000000 
0.000000 1.000000 -0.000000 0.000000 
-0.000000 -0.000000 1.000000 -0.000000 
-0.000000 0.000000 -0.000000 1.000000 
1.000000 0.000000 -0.000000 0.000000 
0.000000 -0.190808 -0.981807 0.000000 
-0.000000 0.981628 -0.190843 -0.000000 
0.000000 0.000000 -0.000000 1.000000 
ParentIndex: 2
Name: Q_0_1
Index: 81
ChildCount: 1
Child Indicies: 82
0.964901 0.155733 -0.211457 0.000000 
0.171157 -0.983617 0.056598 0.000000 
-0.199179 -0.090803 -0.975747 -0.000000 
0.000000 -0.000000 -0.000000 1.000000 
0.964905 0.171157 -0.199178 0.000000 
-0.171155 -0.165385 -0.971265 0.000000 
-0.199180 0.971264 -0.130286 -0.000000 
-0.000000 0.000000 -0.000000 1.000000 
ParentIndex: 81
Name: Q_1_1
Index: 82
ChildCount: 1
Child Indicies: 83
1.000000 0.000007 -0.000005 0.000000 
-0.000007 1.000000 -0.000019 0.000000 
0.000005 0.000019 1.000000 -0.000000 
0.000000 0.000000 0.000000 1.000000 
0.964907 0.171153 -0.199170 0.000000 
-0.171152 -0.165365 -0.971269 0.000000 
-0.199172 0.971268 -0.130268 -0.000000 
-0.000000 0.000000 -0.000000 1.000000 
ParentIndex: 82
Name: Q_2_1
Index: 83
ChildCount: 1
Child Indicies: 84
1.000000 0.000006 -0.000004 0.000000 
-0.000006 1.000000 -0.000016 0.000000 
0.000004 0.000016 1.000000 -0.000000 
0.000000 0.000000 -0.000000 1.000000 
0.964909 0.171151 -0.199164 0.000000 
-0.171150 -0.165349 -0.971272 0.000000 
-0.199166 0.971271 -0.130254 -0.000000 
-0.000000 0.000000 -0.000000 1.000000 
ParentIndex: 83
Name: Q_3_1
Index: 84
ChildCount: 1
Child Indicies: 85
1.000000 0.000006 -0.000004 0.000000 
-0.000006 1.000000 -0.000013 0.000000 
0.000004 0.000013 1.000000 -0.000000 
0.000000 0.000000 -0.000000 1.000000 
0.964911 0.171148 -0.199157 0.000000 
-0.171147 -0.165335 -0.971275 0.000000 
-0.199160 0.971274 -0.130242 -0.000000 
-0.000000 0.000000 -0.000000 1.000000 
ParentIndex: 84
Name: Q_4_1
Index: 85
ChildCount: 1
Child Indicies: 86
1.000000 0.000005 -0.000003 0.000000 
-0.000005 1.000000 -0.000011 0.000000 
0.000003 0.000011 1.000000 -0.000000 
0.000000 0.000000 -0.000000 1.000000 
0.964912 0.171145 -0.199152 0.000000 
-0.171144 -0.165323 -0.971277 0.000000 
-0.199154 0.971277 -0.130232 -0.000000 
-0.000000 0.000000 -0.000000 1.000000 
ParentIndex: 85
Name: Q_5_1
Index: 86
ChildCount: 1
Child Indicies: 87
1.000000 0.000003 -0.000002 0.000000 
-0.000003 1.000000 -0.000009 0.000000 
0.000002 0.000009 1.000000 -0.000000 
-0.000000 0.000000 -0.000000 1.000000 
0.964913 0.171144 -0.199149 0.000000 
-0.171143 -0.165314 -0.971279 0.000000 
-0.199151 0.971278 -0.130224 -0.000000 
-0.000000 0.000000 -0.000000 1.000000 
ParentIndex: 86
Name: Q_6_1
Index: 87
ChildCount: 0
1.000000 0.000004 -0.000003 0.000000 
-0.000004 1.000000 -0.000008 0.000000 
0.000003 0.000008 1.000000 -0.000000 
0.000000 0.000000 -0.000000 1.000000 
0.964915 0.171142 -0.199145 0.000000 
-0.171141 -0.165306 -0.971281 0.000000 
-0.199147 0.971280 -0.130216 -0.000000 
-0.000000 0.000000 -0.000000 1.000000 
ParentIndex: 2
Name: Q_0_2
Index: 88
ChildCount: 1
Child Indicies: 89
0.902681 0.237229 -0.359013 0.000000 
0.296682 -0.947417 0.119923 0.000000 
-0.311685 -0.214765 -0.925596 -0.000000 
0.000000 -0.000000 -0.000000 1.000000 
0.902681 0.296682 -0.311685 0.000000 
-0.296682 -0.095555 -0.950184 0.000000 
-0.311685 0.950184 0.001765 -0.000000 
-0.000000 0.000000 -0.000000 1.000000 
ParentIndex: 88
Name: Q_1_2
Index: 89
ChildCount: 1
Child Indicies: 90
1.000000 0.000026 -0.000016 0.000000 
-0.000026 1.000000 -0.000035 0.000000 
0.000016 0.000035 1.000000 -0.000000 
0.000000 0.000000 -0.000000 1.000000 
0.902694 0.296669 -0.311661 0.000000 
-0.296669 -0.095514 -0.950192 0.000000 
-0.311661 0.950192 0.001793 -0.000000 
-0.000000 0.000000 -0.000000 1.000000 
ParentIndex: 89
Name: Q_2_2
Index: 90
ChildCount: 1
Child Indicies: 91
1.000000 0.000024 -0.000016 0.000000 
-0.000024 1.000000 -0.000028 0.000000 
0.000016 0.000028 1.000000 -0.000000 
-0.000000 0.000000 0.000000 1.000000 
0.902706 0.296657 -0.311638 0.000000 
-0.296657 -0.095481 -0.950199 0.000000 
-0.311639 0.950199 0.001814 -0.000000 
-0.000000 0.000000 -0.000000 1.000000 
ParentIndex: 90
Name: Q_3_2
Index: 91
ChildCount: 1
Child Indicies: 92
1.000000 0.000018 -0.000012 0.000000 
-0.000018 1.000000 -0.000023 0.000000 
0.000012 0.000023 1.000000 -0.000000 
-0.000000 0.000000 0.000000 1.000000 
0.902715 0.296647 -0.311621 0.000000 
-0.296647 -0.095454 -0.950205 0.000000 
-0.311621 0.950205 0.001832 -0.000000 
-0.000000 0.000000 -0.000000 1.000000 
ParentIndex: 91
Name: Q_4_2
Index: 92
ChildCount: 1
Child Indicies: 93
1.000000 0.000016 -0.000011 0.000000 
-0.000016 1.000000 -0.000018 0.000000 
0.000011 0.000018 1.000000 -0.000000 
-0.000000 0.000000 -0.000000 1.000000 
0.902723 0.296638 -0.311605 0.000000 
-0.296638 -0.095432 -0.950210 0.000000 
-0.311606 0.950210 0.001846 -0.000000 
-0.000000 0.000000 -0.000000 1.000000 
ParentIndex: 92
Name: Q_5_2
Index: 93
ChildCount: 1
Child Indicies: 94
1.000000 0.000012 -0.000007 0.000000 
-0.000012 1.000000 -0.000016 0.000000 
0.000007 0.000016 1.000000 -0.000000 
-0.000000 0.000000 -0.000000 1.000000 
0.902729 0.296632 -0.311594 0.000000 
-0.296632 -0.095413 -0.950214 0.000000 
-0.311594 0.950214 0.001859 -0.000000 
-0.000000 0.000000 -0.000000 1.000000 
ParentIndex: 93
Name: Q_6_2
Index: 94
ChildCount: 0
1.000000 0.000010 -0.000006 0.000000 
-0.000010 1.000000 -0.000015 0.000000 
0.000006 0.000015 1.000000 -0.000000 
-0.000000 0.000000 -0.000000 1.000000 
0.902734 0.296628 -0.311584 0.000000 
-0.296628 -0.095396 -0.950217 0.000000 
-0.311584 0.950217 0.001871 -0.000000 
-0.000000 0.000000 -0.000000 1.000000 
ParentIndex: 2
Name: Q_0_3
Index: 95
ChildCount: 1
Child Indicies: 96
0.883022 0.236525 -0.405373 0.000000 
0.342019 -0.915768 0.210692 0.000000 
-0.321394 -0.324691 -0.889540 -0.000000 
0.000000 -0.000000 0.000000 1.000000 
0.883022 0.342019 -0.321394 0.000000 
-0.342020 -0.000001 -0.939692 0.000000 
-0.321393 0.939693 0.116977 -0.000000 
-0.000000 0.000000 0.000000 1.000000 
ParentIndex: 95
Name: Q_1_3
Index: 96
ChildCount: 1
Child Indicies: 97
1.000000 0.000000 -0.000000 0.000000 
0.000000 1.000000 -0.000000 0.000000 
-0.000000 -0.000000 1.000000 -0.000000 
0.000000 0.000000 -0.000000 1.000000 
0.883021 0.342021 -0.321394 0.000000 
-0.342021 0.000000 -0.939692 0.000000 
-0.321394 0.939692 0.116979 -0.000000 
-0.000000 0.000000 0.000000 1.000000 
ParentIndex: 96
Name: Q_2_3
Index: 97
ChildCount: 1
Child Indicies: 98
1.000000 0.000000 -0.000000 0.000000 
0.000000 1.000000 -0.000000 0.000000 
-0.000000 -0.000000 1.000000 -0.000000 
0.000000 0.000000 0.000000 1.000000 
0.883021 0.342021 -0.321394 0.000000 
-0.342021 0.000001 -0.939692 0.000000 
-0.321394 0.939692 0.116979 -0.000000 
-0.000000 0.000000 0.000000 1.000000 
ParentIndex: 97
Name: Q_3_3
Index: 98
ChildCount: 1
Child Indicies: 99
1.000000 0.000000 -0.000000 0.000000 
0.000000 1.000000 -0.000000 0.000000 
-0.000000 -0.000000 1.000000 -0.000000 
0.000000 0.000000 -0.000000 1.000000 
0.883022 0.342020 -0.321394 0.000000 
-0.342020 0.000000 -0.939692 0.000000 
-0.321393 0.939693 0.116978 -0.000000 
-0.000000 0.000000 0.000000 1.000000 
ParentIndex: 98
Name: Q_4_3
Index: 99
ChildCount: 1
Child Indicies: 100
1.000000 0.000000 -0.000000 0.000000 
0.000000 1.000000 -0.000000 0.000000 
-0.000000 -0.000000 1.000000 -0.000000 
-0.000000 0.000000 -0.000000 1.000000 
0.883021 0.342021 -0.321395 0.000000 
-0.342021 -0.000000 -0.939692 0.000000 
-0.321394 0.939693 0.116978 -0.000000 
-0.000000 0.000000 0.000000 1.000000 
ParentIndex: 99
Name: Q_5_3
Index: 100
ChildCount: 1
Child Indicies: 101
1.000000 0.000000 -0.000000 0.000000 
