BonesSize: 86
ParentIndex: 71
Name: root ground
Index: 0
ChildCount: 1
Child Indicies: 1
-1.000000 -0.000000 -0.000000 0.000000 
0.000000 -1.000000 -0.000000 0.000000 
-0.000000 -0.000000 1.000000 -0.000000 
0.000000 0.000000 -0.000000 1.000000 
-1.000000 0.000000 -0.000000 0.000000 
-0.000000 -1.000000 -0.000000 0.000000 
-0.000000 -0.000000 1.000000 -0.000000 
-0.000000 0.000000 0.000000 1.000000 
ParentIndex: 0
Name: root hips
Index: 1
ChildCount: 1
Child Indicies: 2
1.000000 0.000000 -0.000000 0.000000 
0.000000 1.000000 -0.000000 0.000000 
-0.000000 -0.000000 1.000000 -0.000000 
0.000000 -0.011451 -0.610593 1.000000 
-1.000000 0.000000 -0.000000 0.000000 
-0.000000 -1.000000 -0.000000 0.000000 
-0.000000 -0.000000 1.000000 -0.000000 
-0.000000 0.011451 0.610593 1.000000 
ParentIndex: 1
Name: pelvis
Index: 2
ChildCount: 8
Child Indicies: 3
Child Indicies: 45
Child Indicies: 49
Child Indicies: 53
Child Indicies: 54
Child Indicies: 55
Child Indicies: 62
Child Indicies: 66
-1.000000 0.000008 0.000012 0.000000 
-0.000009 0.319558 -0.947567 0.000000 
-0.000012 -0.947567 -0.319558 -0.000000 
0.000000 0.000000 -0.000000 1.000000 
1.000000 0.000008 0.000012 0.000000 
-0.000008 -0.319558 0.947566 0.000000 
0.000012 -0.947567 -0.319558 -0.000000 
0.000007 -0.574919 -0.205969 1.000000 
ParentIndex: 2
Name: spine lower
Index: 3
ChildCount: 1
Child Indicies: 4
1.000000 0.000009 0.000013 0.000000 
-0.000013 0.947642 0.319336 0.000000 
-0.000010 -0.319336 0.947642 -0.000000 
-0.000001 0.090743 0.017156 1.000000 
1.000000 -0.000001 -0.000001 0.000000 
0.000001 -0.000234 1.000000 0.000000 
-0.000001 -1.000000 -0.000234 -0.000000 
-0.000001 -0.702060 0.001126 1.000000 
ParentIndex: 3
Name: spine middle
Index: 4
ChildCount: 1
Child Indicies: 5
1.000000 0.000000 0.000000 0.000000 
-0.000000 0.999998 0.002191 0.000000 
-0.000000 -0.002191 0.999998 -0.000000 
0.000000 0.060513 0.000000 1.000000 
1.000000 -0.000001 -0.000001 0.000000 
0.000001 0.001957 0.999997 0.000000 
-0.000001 -0.999998 0.001957 -0.000000 
-0.000001 -0.762569 0.002797 1.000000 
ParentIndex: 4
Name: spine upper
Index: 5
ChildCount: 3
Child Indicies: 6
Child Indicies: 22
Child Indicies: 33
1.000000 -0.000000 0.000000 0.000000 
0.000000 0.982256 0.187547 0.000000 
-0.000000 -0.187547 0.982256 -0.000000 
0.000000 0.042864 0.000000 1.000000 
1.000000 -0.000002 -0.000001 0.000000 
0.000002 0.189469 0.981887 0.000000 
-0.000001 -0.981887 0.189470 -0.000000 
-0.000001 -0.790616 0.153804 1.000000 
ParentIndex: 5
Name: head neck lower
Index: 6
ChildCount: 1
Child Indicies: 7
1.000000 -0.000000 -0.000000 0.000000 
-0.000000 0.934046 -0.357152 0.000000 
0.000000 0.357152 0.934046 -0.000000 
0.000000 0.148680 -0.004983 1.000000 
1.000000 -0.000001 -0.000001 0.000000 
0.000001 -0.173711 0.984796 0.000000 
-0.000001 -0.984796 -0.173711 -0.000000 
-0.000001 -0.934058 -0.187157 1.000000 
ParentIndex: 6
Name: head neck upper
Index: 7
ChildCount: 14
Child Indicies: 8
Child Indicies: 9
Child Indicies: 10
Child Indicies: 11
Child Indicies: 12
Child Indicies: 13
Child Indicies: 14
Child Indicies: 15
Child Indicies: 16
Child Indicies: 17
Child Indicies: 18
Child Indicies: 19
Child Indicies: 20
Child Indicies: 21
0.999988 0.004560 0.001746 0.000000 
-0.000929 0.528670 -0.848827 0.000000 
-0.004793 0.848815 0.528668 -0.000000 
0.000000 0.062203 0.000000 1.000000 
0.999988 -0.000928 -0.004795 0.000000 
0.000928 -0.927757 0.373183 0.000000 
-0.004795 -0.373183 -0.927745 -0.000000 
-0.004870 -0.367828 -0.944585 1.000000 
ParentIndex: 7
Name: head eyebrow center 2
Index: 8
ChildCount: 0
0.999989 -0.002239 0.004090 0.000000 
-0.000809 0.780534 0.625113 0.000000 
-0.004592 -0.625109 0.780524 -0.000000 
-0.000028 0.077754 0.021659 1.000000 
0.999960 -0.004531 -0.007754 0.000000 
0.004531 -0.490866 0.871223 0.000000 
-0.007754 -0.871224 -0.490825 -0.000000 
-0.007797 -0.951800 -0.475617 1.000000 
ParentIndex: 7
Name: head eyebrow center 1
Index: 9
ChildCount: 0
0.999975 -0.004699 0.005238 0.000000 
-0.002546 0.452290 0.891867 0.000000 
-0.006560 -0.891859 0.452267 -0.000000 
-0.000055 0.060498 0.019300 1.000000 
0.999943 -0.007243 -0.007901 0.000000 
0.007243 -0.086788 0.996200 0.000000 
-0.007901 -0.996200 -0.086731 -0.000000 
-0.007851 -1.053373 -0.053895 1.000000 
ParentIndex: 7
Name: head eyeball left
Index: 10
ChildCount: 0
0.332918 0.661722 -0.671781 0.000000 
0.866747 0.065831 0.494384 0.000000 
0.371369 -0.746854 -0.551629 -0.000000 
0.019761 0.052211 0.011271 1.000000 
0.335521 0.864306 0.374702 0.000000 
-0.864305 0.124225 0.487385 0.000000 
0.374703 -0.487385 0.788704 -0.000000 
0.355978 -0.521560 0.831840 1.000000 
ParentIndex: 7
Name: head eyeball right
Index: 11
ChildCount: 0
0.339952 -0.661125 0.668839 0.000000 
-0.860807 0.067668 0.504412 0.000000 
-0.378739 -0.747218 -0.546098 -0.000000 
-0.019557 0.052247 0.011460 1.000000 
0.337355 -0.863278 -0.375421 0.000000 
0.863278 0.124660 0.489091 0.000000 
-0.375422 -0.489091 0.787304 -0.000000 
-0.356725 -0.523309 0.830420 1.000000 
ParentIndex: 7
Name: head eyelid lower left
Index: 12
ChildCount: 0
0.159250 0.726756 -0.668180 0.000000 
0.925302 0.126077 0.357660 0.000000 
0.344174 -0.675226 -0.652391 -0.000000 
0.021465 0.053635 0.008297 1.000000 
0.161778 0.923459 0.347923 0.000000 
-0.923458 0.017364 0.383304 0.000000 
0.347925 -0.383303 0.855586 -0.000000 
0.326202 -0.418312 0.897171 1.000000 
ParentIndex: 7
Name: head eyelid upper left
Index: 13
ChildCount: 0
0.121948 0.739820 -0.661661 0.000000 
0.934888 0.138267 0.326906 0.000000 
0.333337 -0.658444 -0.674787 -0.000000 
0.021618 0.053907 0.007559 1.000000 
0.124433 0.933180 0.337180 0.000000 
-0.933180 -0.005415 0.359367 0.000000 
0.337180 -0.359368 0.870152 -0.000000 
0.314757 -0.394338 0.911354 1.000000 
ParentIndex: 7
Name: head eyelid lower right
Index: 14
ChildCount: 0
0.165447 -0.726107 0.667379 0.000000 
-0.920988 0.128267 0.367872 0.000000 
-0.352717 -0.675511 -0.647514 -0.000000 
-0.021285 0.053674 0.008502 1.000000 
0.162919 -0.922859 -0.348981 0.000000 
0.922859 0.017428 0.384742 0.000000 
-0.348981 -0.384742 0.854509 -0.000000 
-0.327299 -0.419797 0.896078 1.000000 
ParentIndex: 7
Name: head eyelid upper right
Index: 15
ChildCount: 0
0.127891 -0.739152 0.661285 0.000000 
-0.930917 0.140528 0.337113 0.000000 
-0.342107 -0.658715 -0.670117 -0.000000 
-0.021445 0.053947 0.007766 1.000000 
0.125405 -0.932653 -0.338278 0.000000 
0.932653 -0.005435 0.360734 0.000000 
-0.338279 -0.360734 0.869160 -0.000000 
-0.315899 -0.395751 0.910346 1.000000 
ParentIndex: 7
Name: head jaw
Index: 16
ChildCount: 0
0.999982 -0.004760 -0.003547 0.000000 
-0.003748 -0.969606 0.244642 0.000000 
-0.004604 -0.244625 -0.969607 -0.000000 
-0.000146 0.012886 0.009544 1.000000 
0.999992 -0.004021 0.000272 0.000000 
0.004021 0.990852 -0.134893 0.000000 
0.000273 0.134892 0.990863 -0.000000 
0.000473 0.135740 1.018286 1.000000 
ParentIndex: 7
Name: head mouth upper left
Index: 17
ChildCount: 0
0.971097 0.203766 0.124295 0.000000 
0.136971 -0.049279 -0.989349 0.000000 
-0.195470 0.977779 -0.075765 -0.000000 
0.003492 0.049454 -0.025223 1.000000 
0.970300 0.141759 -0.196013 0.000000 
-0.141760 -0.323362 -0.935597 0.000000 
-0.196013 0.935597 -0.293663 -0.000000 
-0.207420 0.928987 -0.336720 1.000000 
ParentIndex: 7
Name: head mouth upper right
Index: 18
ChildCount: 0
0.970991 -0.200397 -0.130450 0.000000 
-0.142927 -0.049045 -0.988517 0.000000 
0.191698 0.978486 -0.076264 -0.000000 
-0.003642 0.049460 -0.025189 1.000000 
0.971791 -0.138140 0.191153 0.000000 
0.138139 -0.323529 -0.936081 0.000000 
0.191154 0.936080 -0.295320 -0.000000 
0.202367 0.929479 -0.338430 1.000000 
ParentIndex: 7
Name: head mouth corner left
Index: 19
ChildCount: 0
0.881536 0.425291 0.204995 0.000000 
0.312613 -0.200436 -0.928492 0.000000 
-0.353791 0.882583 -0.309643 -0.000000 
0.009265 0.044770 -0.027518 1.000000 
0.880148 0.317247 -0.353121 0.000000 
-0.317248 -0.160251 -0.934705 0.000000 
-0.353121 0.934705 -0.040399 -0.000000 
-0.375928 0.929770 -0.075188 1.000000 
ParentIndex: 7
Name: head mouth corner right
Index: 20
ChildCount: 0
0.880933 -0.423145 -0.211909 0.000000 
-0.318945 -0.200055 -0.926419 0.000000 
0.349616 0.883700 -0.311195 -0.000000 
-0.009443 0.044787 -0.027428 1.000000 
0.882331 -0.314313 0.350284 0.000000 
0.314313 -0.160416 -0.935668 0.000000 
0.350283 0.935668 -0.042748 -0.000000 
0.372978 0.930759 -0.077615 1.000000 
ParentIndex: 7
Name: unused fxdummy head
Index: 21
ChildCount: 0
0.999987 -0.000717 -0.005129 0.000000 
0.005163 0.060536 0.998153 0.000000 
-0.000405 -0.998166 0.060538 -0.000000 
0.000768 0.059713 0.148446 1.000000 
1.000000 0.000320 0.000231 0.000000 
-0.000320 0.316335 0.948646 0.000000 
0.000231 -0.948647 0.316335 -0.000000 
0.000274 -1.116922 0.360589 1.000000 
ParentIndex: 5
Name: arm left shoulder 1
Index: 22
ChildCount: 1
Child Indicies: 23
0.068345 -0.189026 -0.979591 0.000000 
0.997662 0.012947 0.067107 0.000000 
-0.000002 -0.981887 0.189469 -0.000000 
0.021615 0.112303 0.002491 1.000000 
0.068346 0.997662 0.000000 0.000000 
-0.997662 0.068346 0.000000 0.000000 
0.000000 -0.000000 1.000000 -0.000000 
0.020974 -0.023102 0.915234 1.000000 
ParentIndex: 22
Name: arm left shoulder 2
Index: 23
ChildCount: 2
Child Indicies: 24
Child Indicies: 32
0.676553 0.571288 -0.464657 0.000000 
-0.010066 0.638105 0.769884 0.000000 
0.736326 -0.516190 0.437462 -0.000000 
0.000000 0.054983 0.000000 1.000000 
0.616193 0.635925 -0.464657 0.000000 
-0.635925 0.053654 -0.769884 0.000000 
-0.464658 0.769883 0.437462 -0.000000 
-0.455690 0.654585 0.456130 1.000000 
ParentIndex: 23
Name: arm left elbow
Index: 24
ChildCount: 1
Child Indicies: 25
0.991742 -0.118909 -0.048047 0.000000 
0.126292 0.970679 0.204530 0.000000 
0.022318 -0.208909 0.977680 -0.000000 
-0.000577 0.153986 0.007225 1.000000 
0.557812 0.600064 -0.573385 0.000000 
-0.600064 -0.185695 -0.778101 0.000000 
-0.573385 0.778101 0.256493 -0.000000 
-0.532448 0.520259 0.324149 1.000000 
ParentIndex: 24
Name: arm left wrist
Index: 25
ChildCount: 3
Child Indicies: 26
Child Indicies: 28
Child Indicies: 30
0.994189 -0.093981 -0.052489 0.000000 
0.102118 0.977661 0.183713 0.000000 
0.034051 -0.188006 0.981578 -0.000000 
-0.000000 0.166328 0.000000 1.000000 
0.528272 0.538282 -0.656643 0.000000 
-0.538283 -0.385771 -0.749287 0.000000 
-0.656642 0.749287 0.085956 -0.000000 
-0.579631 0.351203 0.233507 1.000000 
ParentIndex: 25
Name: arm left finger 1a
Index: 26
ChildCount: 1
Child Indicies: 27
0.515383 0.545899 -0.660586 0.000000 
-0.209661 0.827745 0.520461 0.000000 
0.830916 -0.129738 0.541060 -0.000000 
0.003156 0.015351 0.010357 1.000000 
0.999880 -0.006955 0.013832 0.000000 
0.006955 -0.596438 -0.802629 0.000000 
0.013832 0.802629 -0.596319 -0.000000 
-0.264427 0.516329 -0.407084 1.000000 
ParentIndex: 26
Name: arm left finger 1b
Index: 27
ChildCount: 0
1.000000 0.000000 -0.000000 0.000000 
0.000000 1.000000 -0.000000 0.000000 
-0.000000 -0.000000 1.000000 -0.000000 
-0.000000 0.029076 0.000000 1.000000 
0.999880 -0.006955 0.013832 0.000000 
0.006954 -0.596438 -0.802629 0.000000 
0.013832 0.802629 -0.596319 -0.000000 
-0.264427 0.487253 -0.407084 1.000000 
ParentIndex: 25
Name: arm left finger 2a
Index: 28
ChildCount: 1
Child Indicies: 29
0.782642 0.385871 -0.488442 0.000000 
-0.355353 0.921218 0.158374 0.000000 
0.511073 0.049619 0.858104 -0.000000 
0.005099 0.055407 0.003920 1.000000 
0.941887 0.204157 -0.266773 0.000000 
-0.204157 -0.282767 -0.937210 0.000000 
-0.266772 0.937210 -0.224655 -0.000000 
-0.455635 0.516638 -0.087154 1.000000 
ParentIndex: 28
Name: arm left finger 2b
Index: 29
ChildCount: 0
1.000000 0.000000 -0.000000 0.000000 
0.000000 1.000000 -0.000000 0.000000 
-0.000000 -0.000000 1.000000 -0.000000 
0.000000 0.027317 0.000000 1.000000 
0.941887 0.204157 -0.266771 0.000000 
-0.204156 -0.282766 -0.937210 0.000000 
-0.266772 0.937210 -0.224654 -0.000000 
-0.455636 0.489322 -0.087153 1.000000 
ParentIndex: 25
Name: arm left finger 3a
Index: 30
ChildCount: 1
Child Indicies: 31
0.530966 0.537294 -0.655278 0.000000 
-0.577599 0.795296 0.184078 0.000000 
0.620044 0.280748 0.732616 -0.000000 
-0.008255 0.050060 -0.014277 1.000000 
0.999995 0.002091 -0.002392 0.000000 
-0.002091 -0.133819 -0.991004 0.000000 
-0.002392 0.991004 -0.133814 -0.000000 
-0.303947 0.615135 -0.088203 1.000000 
ParentIndex: 30
Name: arm left finger 3b
Index: 31
ChildCount: 0
1.000000 0.000000 -0.000000 0.000000 
0.000000 1.000000 -0.000000 0.000000 
-0.000000 -0.000000 1.000000 -0.000000 
-0.000000 0.024387 0.000000 1.000000 
0.999995 0.002091 -0.002392 0.000000 
-0.002091 -0.133819 -0.991004 0.000000 
-0.002392 0.991004 -0.133814 -0.000000 
-0.303947 0.590748 -0.088203 1.000000 
ParentIndex: 23
Name: coat back left
Index: 32
ChildCount: 0
0.245678 0.389634 -0.887597 0.000000 
-0.441776 -0.770034 -0.460306 0.000000 
-0.862830 0.505206 -0.017050 -0.000000 
-0.024493 0.031313 -0.025520 1.000000 
0.811591 -0.548019 -0.202474 0.000000 
0.548019 0.594003 0.588928 0.000000 
-0.202473 -0.588929 0.782411 -0.000000 
-0.290597 -0.511156 0.678718 1.000000 
ParentIndex: 5
Name: arm right shoulder 1
Index: 33
ChildCount: 1
Child Indicies: 34
0.068345 0.189026 0.979591 0.000000 
-0.997662 0.012951 0.067107 0.000000 
-0.000002 -0.981887 0.189469 -0.000000 
-0.021615 0.112303 0.002491 1.000000 
0.068344 -0.997662 -0.000001 0.000000 
0.997662 0.068344 0.000000 0.000000 
-0.000000 -0.000001 1.000000 -0.000000 
-0.020974 -0.023103 0.915234 1.000000 
ParentIndex: 33
Name: arm right shoulder 2
Index: 34
ChildCount: 3
Child Indicies: 35
Child Indicies: 43
Child Indicies: 44
0.676547 -0.571295 0.464657 0.000000 
0.010067 0.638101 0.769887 0.000000 
-0.736330 -0.516187 0.437457 -0.000000 
-0.000000 0.054983 -0.000000 1.000000 
0.616196 -0.635921 0.464657 0.000000 
0.635921 0.053654 -0.769887 0.000000 
0.464657 0.769887 0.437457 -0.000000 
0.455691 0.654589 0.456126 1.000000 
ParentIndex: 34
Name: arm right elbow
Index: 35
ChildCount: 1
Child Indicies: 36
0.991741 0.118923 0.048034 0.000000 
-0.126304 0.970679 0.204525 0.000000 
-0.022303 -0.208902 0.977682 -0.000000 
0.000578 0.153988 0.007226 1.000000 
0.557800 -0.600070 0.573389 0.000000 
0.600068 -0.185700 -0.778096 0.000000 
0.573389 0.778096 0.256500 -0.000000 
0.532449 0.520251 0.324155 1.000000 
ParentIndex: 35
Name: arm right wrist
Index: 36
ChildCount: 3
Child Indicies: 37
Child Indicies: 39
Child Indicies: 41
0.381301 -0.881393 -0.278848 0.000000 
-0.857224 -0.224179 -0.463585 0.000000 
0.346089 0.415800 -0.841031 -0.000000 
-0.000000 0.166325 0.000000 1.000000 
0.581698 -0.609452 -0.538699 0.000000 
0.609452 -0.112050 0.784865 0.000000 
-0.538699 -0.784866 0.306253 -0.000000 
-0.199314 -0.686044 0.058813 1.000000 
ParentIndex: 36
Name: arm right finger 1a
Index: 37
ChildCount: 1
Child Indicies: 38
0.584841 -0.597743 -0.548328 0.000000 
-0.791830 -0.567361 -0.226066 0.000000 
-0.175970 0.566396 -0.805128 -0.000000 
-0.016754 -0.004469 -0.007226 1.000000 
0.999880 0.006955 -0.013832 0.000000 
-0.006954 -0.596441 -0.802626 0.000000 
-0.013832 0.802626 -0.596321 -0.000000 
0.264427 0.516326 -0.407087 1.000000 
ParentIndex: 37
Name: arm right finger 1b
Index: 38
ChildCount: 0
1.000000 0.000000 -0.000000 0.000000 
0.000000 1.000000 -0.000000 0.000000 
-0.000000 -0.000000 1.000000 -0.000000 
-0.000000 0.029076 0.000000 1.000000 
0.999880 0.006955 -0.013832 0.000000 
-0.006955 -0.596441 -0.802626 0.000000 
-0.013832 0.802626 -0.596321 -0.000000 
0.264427 0.487250 -0.407087 1.000000 
ParentIndex: 36
Name: arm right finger 2a
Index: 39
ChildCount: 1
Child Indicies: 40
0.528591 -0.806311 -0.265433 0.000000 
-0.795989 -0.579448 0.175047 0.000000 
-0.294946 0.118753 -0.948106 -0.000000 
-0.054652 -0.008942 0.006689 1.000000 
0.941873 -0.204178 0.266807 0.000000 
0.204178 -0.282797 -0.937196 0.000000 
0.266807 0.937197 -0.224670 -0.000000 
0.455653 0.516619 -0.087153 1.000000 
ParentIndex: 39
Name: arm right finger 2b
Index: 40
ChildCount: 0
1.000000 0.000000 -0.000000 0.000000 
0.000000 1.000000 -0.000000 0.000000 
-0.000000 -0.000000 1.000000 -0.000000 
-0.000000 0.027314 0.000000 1.000000 
0.941873 -0.204178 0.266807 0.000000 
0.204178 -0.282797 -0.937196 0.000000 
0.266807 0.937197 -0.224670 -0.000000 
0.455653 0.489305 -0.087153 1.000000 
ParentIndex: 36
Name: arm right finger 3a
Index: 41
ChildCount: 1
Child Indicies: 42
0.581681 -0.611560 -0.536322 0.000000 
-0.616616 -0.761539 0.199607 0.000000 
-0.530502 0.214597 -0.820070 -0.000000 
-0.043598 -0.012786 0.026715 1.000000 
0.999995 -0.002091 0.002392 0.000000 
0.002091 -0.133803 -0.991006 0.000000 
0.002392 0.991005 -0.133798 -0.000000 
0.303947 0.615137 -0.088194 1.000000 
ParentIndex: 41
Name: arm right finger 3b
Index: 42
ChildCount: 0
1.000000 0.000000 -0.000000 0.000000 
0.000000 1.000000 -0.000000 0.000000 
-0.000000 -0.000000 1.000000 -0.000000 
0.000000 0.024390 -0.000000 1.000000 
0.999995 -0.002091 0.002392 0.000000 
0.002091 -0.133803 -0.991006 0.000000 
0.002392 0.991005 -0.133798 -0.000000 
0.303947 0.590746 -0.088194 1.000000 
ParentIndex: 34
Name: coat front right
Index: 43
ChildCount: 0
0.494995 0.091177 0.864099 0.000000 
-0.516744 -0.768609 0.377116 0.000000 
0.698538 -0.633188 -0.333342 -0.000000 
-0.025069 0.036719 0.018295 1.000000 
0.648542 0.345588 0.678205 0.000000 
-0.345588 -0.660184 0.666878 0.000000 
0.678205 -0.666879 -0.308725 -0.000000 
0.672638 -0.558217 -0.201346 1.000000 
ParentIndex: 34
Name: coat back right
Index: 44
ChildCount: 0
0.245703 -0.389633 0.887590 0.000000 
0.441750 -0.770042 -0.460317 0.000000 
0.862837 0.505194 -0.017081 -0.000000 
0.024492 0.031314 -0.025521 1.000000 
0.811603 0.548001 0.202477 0.000000 
-0.548001 0.593995 0.588953 0.000000 
0.202477 -0.588953 0.782392 -0.000000 
0.290603 -0.511177 0.678701 1.000000 
ParentIndex: 2
Name: leg left thigh
Index: 45
ChildCount: 1
Child Indicies: 46
0.999690 -0.022347 0.011005 0.000000 
-0.017549 -0.945376 -0.325510 0.000000 
0.017678 0.325216 -0.945474 -0.000000 
0.057283 0.000000 0.000001 1.000000 
0.999690 -0.017561 0.017670 0.000000 
0.017561 -0.006341 -0.999826 0.000000 
0.017670 0.999826 -0.006031 -0.000000 
-0.046677 0.611565 0.006754 1.000000 
ParentIndex: 45
Name: leg left knee
Index: 46
ChildCount: 1
Child Indicies: 47
0.999999 -0.001551 0.000010 0.000000 
0.001545 0.995795 -0.091596 0.000000 
0.000132 0.091596 0.995796 -0.000000 
0.000000 0.259206 -0.000000 1.000000 
0.999716 -0.017561 0.016119 0.000000 
0.017561 0.085293 -0.996201 0.000000 
0.016119 0.996201 0.085577 -0.000000 
-0.047224 0.350186 0.038994 1.000000 
ParentIndex: 46
Name: leg left ankle
Index: 47
ChildCount: 1
Child Indicies: 48
0.992631 -0.112351 0.045391 0.000000 
0.035966 0.630888 0.775040 0.000000 
-0.115713 -0.767697 0.630279 -0.000000 
-0.000000 0.323816 0.000000 1.000000 
0.995053 0.037370 -0.092039 0.000000 
-0.037370 -0.717654 -0.695396 0.000000 
-0.092039 0.695396 -0.712709 -0.000000 
-0.048068 0.045160 0.009797 1.000000 
ParentIndex: 47
Name: leg left toes
Index: 48
ChildCount: 0
1.000000 0.000000 -0.000000 0.000000 
0.000000 1.000000 -0.000000 0.000000 
-0.000000 -0.000000 1.000000 -0.000000 
0.000000 0.092096 -0.000000 1.000000 
0.995053 0.037370 -0.092039 0.000000 
-0.037370 -0.717654 -0.695396 0.000000 
-0.092039 0.695396 -0.712709 -0.000000 
-0.048068 -0.046936 0.009797 1.000000 
ParentIndex: 2
Name: leg right thigh
Index: 49
ChildCount: 1
Child Indicies: 50
0.999472 0.029164 -0.014328 0.000000 
0.022917 -0.945273 -0.325475 0.000000 
-0.023036 0.324975 -0.945442 -0.000000 
-0.057283 -0.000000 -0.000001 1.000000 
0.999471 0.022905 -0.023044 0.000000 
-0.022904 -0.006341 -0.999715 0.000000 
-0.023044 0.999718 -0.005813 -0.000000 
0.043445 0.611805 0.006578 1.000000 
ParentIndex: 49
Name: leg right knee
Index: 50
ChildCount: 1
Child Indicies: 51
0.999998 0.002040 -0.000032 0.000000 
-0.002034 0.995795 -0.091586 0.000000 
-0.000155 0.091585 0.995797 -0.000000 
0.000000 0.259207 -0.000000 1.000000 
0.999518 0.022885 -0.021004 0.000000 
-0.022885 0.085292 -0.996090 0.000000 
-0.021004 0.996093 0.085775 -0.000000 
0.044164 0.350424 0.038836 1.000000 
ParentIndex: 50
Name: leg right ankle
Index: 51
ChildCount: 1
Child Indicies: 52
0.992997 0.108247 -0.047330 0.000000 
-0.031824 0.630889 0.775220 0.000000 
0.113776 -0.768285 0.629916 -0.000000 
0.000000 0.323815 0.000000 1.000000 
0.995989 -0.033653 0.082908 0.000000 
0.033654 -0.717652 -0.695586 0.000000 
0.082907 0.695586 -0.713641 -0.000000 
0.044897 0.045489 0.009045 1.000000 
ParentIndex: 51
Name: leg right toes
Index: 52
ChildCount: 0
1.000000 0.000000 -0.000000 0.000000 
0.000000 1.000000 -0.000000 0.000000 
-0.000000 -0.000000 1.000000 -0.000000 
-0.000000 0.092095 0.000000 1.000000 
0.995989 -0.033653 0.082908 0.000000 
0.033654 -0.717651 -0.695587 0.000000 
0.082907 0.695587 -0.713641 -0.000000 
0.044897 -0.046607 0.009045 1.000000 
ParentIndex: 2
Name: belt armor right
Index: 53
ChildCount: 0
0.259179 0.150755 0.953991 0.000000 
-0.855799 0.493703 0.154485 0.000000 
-0.447698 -0.856464 0.256974 -0.000000 
-0.097598 0.103883 0.017618 1.000000 
0.259191 -0.855793 -0.447703 0.000000 
0.855793 -0.011375 0.517193 0.000000 
-0.447702 -0.517193 0.729433 -0.000000 
-0.290336 -0.453198 0.480216 1.000000 
ParentIndex: 2
Name: belt armor left
Index: 54
ChildCount: 0
0.259197 -0.150746 -0.953988 0.000000 
0.855791 0.493711 0.154503 0.000000 
0.447703 -0.856461 0.256976 -0.000000 
0.097598 0.103884 0.017620 1.000000 
0.259185 0.855797 0.447699 0.000000 
-0.855797 -0.011374 0.517186 0.000000 
0.447699 -0.517187 0.729440 -0.000000 
0.290333 -0.453195 0.480219 1.000000 
ParentIndex: 2
Name: skirt back
Index: 55
ChildCount: 2
Child Indicies: 56
Child Indicies: 59
1.000000 0.000013 0.000008 0.000000 
0.000013 -0.999873 -0.015937 0.000000 
0.000008 0.015937 -0.999873 -0.000000 
-0.000001 0.012542 0.073090 1.000000 
1.000000 0.000005 -0.000003 0.000000 
-0.000004 0.304414 -0.952380 0.000000 
-0.000004 0.952540 0.304363 -0.000000 
-0.000002 0.591834 0.269616 1.000000 
ParentIndex: 55
Name: skirt back right 1
Index: 56
ChildCount: 1
Child Indicies: 57
0.999939 0.008626 -0.006875 0.000000 
-0.009175 0.996402 -0.084254 0.000000 
0.006124 0.084312 0.996421 -0.000000 
-0.076792 0.168802 0.000000 1.000000 
0.999939 -0.009170 0.006121 0.000000 
0.009172 0.383583 -0.923307 0.000000 
0.006120 0.923460 0.383580 -0.000000 
0.078581 0.398082 0.304785 1.000000 
ParentIndex: 56
Name: skirt back right 2
Index: 57
ChildCount: 1
Child Indicies: 58
1.000000 0.000000 -0.000000 0.000000 
0.000000 1.000000 -0.000000 0.000000 
-0.000000 -0.000000 1.000000 -0.000000 
0.000000 0.149311 -0.000000 1.000000 
0.999939 -0.009172 0.006123 0.000000 
0.009174 0.383579 -0.923309 0.000000 
0.006121 0.923463 0.383576 -0.000000 
0.078580 0.248773 0.304785 1.000000 
ParentIndex: 57
Name: skirt back right 3
Index: 58
ChildCount: 0
1.000000 0.000000 -0.000000 0.000000 
0.000000 1.000000 -0.000000 0.000000 
-0.000000 -0.000000 1.000000 -0.000000 
-0.000000 0.143239 -0.000000 1.000000 
0.999939 -0.009172 0.006123 0.000000 
0.009174 0.383579 -0.923308 0.000000 
0.006121 0.923462 0.383576 -0.000000 
0.078580 0.105533 0.304785 1.000000 
ParentIndex: 55
Name: skirt back left 1
Index: 59
ChildCount: 1
Child Indicies: 60
0.999939 -0.008621 0.006871 0.000000 
0.009169 0.996402 -0.084254 0.000000 
-0.006120 0.084312 0.996421 -0.000000 
0.076792 0.168803 -0.000000 1.000000 
0.999939 0.009174 -0.006123 0.000000 
-0.009175 0.383583 -0.923307 0.000000 
-0.006123 0.923460 0.383580 -0.000000 
-0.078583 0.398082 0.304785 1.000000 
ParentIndex: 59
Name: skirt back left 2
Index: 60
ChildCount: 1
Child Indicies: 61
1.000000 0.000000 -0.000000 0.000000 
0.000000 1.000000 -0.000000 0.000000 
-0.000000 -0.000000 1.000000 -0.000000 
-0.000000 0.149311 0.000000 1.000000 
0.999939 0.009174 -0.006124 0.000000 
-0.009175 0.383579 -0.923308 0.000000 
-0.006122 0.923461 0.383576 -0.000000 
-0.078583 0.248772 0.304786 1.000000 
ParentIndex: 60
Name: skirt back left 3
Index: 61
ChildCount: 0
1.000000 0.000000 -0.000000 0.000000 
0.000000 1.000000 -0.000000 0.000000 
-0.000000 -0.000000 1.000000 -0.000000 
-0.000000 0.143238 -0.000000 1.000000 
0.999939 0.009174 -0.006124 0.000000 
-0.009175 0.383579 -0.923308 0.000000 
-0.006122 0.923461 0.383576 -0.000000 
-0.078583 0.105534 0.304786 1.000000 
ParentIndex: 2
Name: skirt right 1
Index: 62
ChildCount: 1
Child Indicies: 63
0.864698 -0.387384 0.319736 0.000000 
-0.426750 -0.902318 0.060880 0.000000 
0.264919 -0.189090 -0.945549 -0.000000 
-0.053155 0.034791 -0.062742 1.000000 
0.864697 -0.426756 0.264907 0.000000 
0.426756 0.346036 -0.835547 0.000000 
0.264907 0.835546 0.481337 -0.000000 
0.236366 0.518745 0.264803 1.000000 
ParentIndex: 62
Name: skirt right 2
Index: 63
ChildCount: 1
Child Indicies: 64
0.963940 -0.226185 0.140213 0.000000 
0.226358 0.973930 0.014928 0.000000 
-0.139934 0.017349 0.990009 -0.000000 
-0.000000 0.172795 0.000000 1.000000 
0.967186 -0.215945 0.133856 0.000000 
0.215945 0.421140 -0.880913 0.000000 
0.133857 0.880913 0.453954 -0.000000 
0.186722 0.394388 0.235084 1.000000 
ParentIndex: 63
Name: skirt right 3
Index: 64
ChildCount: 1
Child Indicies: 65
0.998956 0.044222 -0.011439 0.000000 
-0.043016 0.995009 0.090036 0.000000 
0.015364 -0.089450 0.995873 -0.000000 
0.000000 0.173108 -0.000000 1.000000 
0.955096 -0.244421 0.167480 0.000000 
0.244421 0.330435 -0.911631 0.000000 
0.167480 0.911631 0.375339 -0.000000 
0.193624 0.233310 0.217189 1.000000 
ParentIndex: 64
Name: skirt right 4
Index: 65
ChildCount: 0
1.000000 0.000000 -0.000000 0.000000 
0.000000 1.000000 -0.000000 0.000000 
-0.000000 -0.000000 1.000000 -0.000000 
0.000000 0.146974 0.000000 1.000000 
0.955096 -0.244421 0.167480 0.000000 
0.244421 0.330435 -0.911631 0.000000 
0.167480 0.911631 0.375339 -0.000000 
0.193623 0.086336 0.217189 1.000000 
ParentIndex: 2
Name: skirt left 1
Index: 66
ChildCount: 1
Child Indicies: 67
0.864698 0.387402 -0.319714 0.000000 
0.426766 -0.902310 0.060889 0.000000 
-0.264893 -0.189093 -0.945556 -0.000000 
0.053157 0.034792 -0.062741 1.000000 
0.864696 0.426756 -0.264909 0.000000 
-0.426757 0.346035 -0.835547 0.000000 
-0.264907 0.835547 0.481337 -0.000000 
-0.236366 0.518745 0.264804 1.000000 
ParentIndex: 66
Name: skirt left 2
Index: 67
ChildCount: 1
Child Indicies: 68
0.963941 0.226182 -0.140211 0.000000 
-0.226354 0.973931 0.014927 0.000000 
0.139932 0.017348 0.990009 -0.000000 
-0.000000 0.172795 -0.000000 1.000000 
0.967185 0.215949 -0.133859 0.000000 
-0.215949 0.421140 -0.880912 0.000000 
-0.133859 0.880912 0.453955 -0.000000 
-0.186724 0.394388 0.235084 1.000000 
ParentIndex: 67
Name: skirt left 3
Index: 68
ChildCount: 1
Child Indicies: 69
0.998956 -0.044221 0.011439 0.000000 
0.043016 0.995009 0.090035 0.000000 
-0.015363 -0.089448 0.995873 -0.000000 
-0.000000 0.173108 -0.000000 1.000000 
0.955094 0.244424 -0.167483 0.000000 
-0.244424 0.330437 -0.911630 0.000000 
-0.167481 0.911630 0.375342 -0.000000 
-0.193625 0.233309 0.217189 1.000000 
ParentIndex: 68
Name: skirt left 4
Index: 69
ChildCount: 0
1.000000 0.000000 -0.000000 0.000000 
0.000000 1.000000 -0.000000 0.000000 
-0.000000 -0.000000 1.000000 -0.000000 
-0.000000 0.146974 -0.000000 1.000000 
0.955094 0.244424 -0.167483 0.000000 
-0.244424 0.330436 -0.911630 0.000000 
-0.167482 0.911630 0.375342 -0.000000 
-0.193625 0.086334 0.217189 1.000000 
ParentIndex: -1
Name: RootNode
Index: 70
ChildCount: 15
Child Indicies: 71
Child Indicies: 72
Child Indicies: 73
Child Indicies: 74
Child Indicies: 75
Child Indicies: 76
Child Indicies: 77
Child Indicies: 78
Child Indicies: 79
Child Indicies: 80
Child Indicies: 81
Child Indicies: 82
Child Indicies: 83
Child Indicies: 84
Child Indicies: 85
1.000000 0.000000 -0.000000 0.000000 
0.000000 1.000000 -0.000000 0.000000 
-0.000000 -0.000000 1.000000 -0.000000 
0.000000 0.000000 -0.000000 1.000000 
1.000000 0.000000 0.000000 0.000000 
0.000000 1.000000 0.000000 0.000000 
0.000000 0.000000 1.000000 0.000000 
0.000000 0.000000 0.000000 1.000000 
ParentIndex: 70
Name: Armature
Index: 71
ChildCount: 1
Child Indicies: 0
133.157394 0.000000 -0.000000 0.000000 
0.000000 -0.000022 133.157394 0.000000 
-0.000000 -133.157410 -0.000022 -0.000000 
-5.995370 4.872932 -0.000000 1.000000 
1.000000 0.000000 0.000000 0.000000 
0.000000 1.000000 0.000000 0.000000 
0.000000 0.000000 1.000000 0.000000 
0.000000 0.000000 0.000000 1.000000 
ParentIndex: 70
Name: 6_JannedaarcHairMI3_0.05_0_0
Index: 72
ChildCount: 0
133.157379 0.000000 -0.000000 0.000000 
0.000000 -0.000022 133.157379 0.000000 
-0.000000 -133.157410 -0.000022 -0.000000 
-5.995370 4.872932 -0.000000 1.000000 
1.000000 0.000000 0.000000 0.000000 
0.000000 1.000000 0.000000 0.000000 
0.000000 0.000000 1.000000 0.000000 
0.000000 0.000000 0.000000 1.000000 
ParentIndex: 70
Name: 25_JannedaarcMI2_0.2_0_0
Index: 73
ChildCount: 0
133.157379 0.000000 -0.000000 0.000000 
0.000000 -0.000022 133.157379 0.000000 
-0.000000 -133.157410 -0.000022 -0.000000 
-5.995370 4.872932 -0.000000 1.000000 
1.000000 0.000000 0.000000 0.000000 
0.000000 1.000000 0.000000 0.000000 
0.000000 0.000000 1.000000 0.000000 
0.000000 0.000000 0.000000 1.000000 
ParentIndex: 70
Name: 25_JannedaarcMI2
Index: 74
ChildCount: 0
133.157379 0.000000 -0.000000 0.000000 
0.000000 -0.000022 133.157379 0.000000 
-0.000000 -133.157410 -0.000022 -0.000000 
-5.995370 4.872932 -0.000000 1.000000 
1.000000 0.000000 0.000000 0.000000 
0.000000 1.000000 0.000000 0.000000 
0.000000 0.000000 1.000000 0.000000 
0.000000 0.000000 0.000000 1.000000 
ParentIndex: 70
Name: 25_+skirt.JannedaarcMI2
Index: 75
ChildCount: 0
133.157379 0.000000 -0.000000 0.000000 
0.000000 -0.000022 133.157379 0.000000 
-0.000000 -133.157410 -0.000022 -0.000000 
-5.995370 4.872932 -0.000000 1.000000 
1.000000 0.000000 0.000000 0.000000 
0.000000 1.000000 0.000000 0.000000 
0.000000 0.000000 1.000000 0.000000 
0.000000 0.000000 0.000000 1.000000 
ParentIndex: 70
Name: 25_+shoulder armor 2.JannedaarcMI2
Index: 76
ChildCount: 0
133.157379 0.000000 -0.000000 0.000000 
0.000000 -0.000022 133.157379 0.000000 
-0.000000 -133.157410 -0.000022 -0.000000 
-5.995370 4.872932 -0.000000 1.000000 
1.000000 0.000000 0.000000 0.000000 
0.000000 1.000000 0.000000 0.000000 
0.000000 0.000000 1.000000 0.000000 
0.000000 0.000000 0.000000 1.000000 
ParentIndex: 70
Name: 25_+shoulder armor 1.shoulder pads_0.2_0_0
Index: 77
ChildCount: 0
133.157379 0.000000 -0.000000 0.000000 
0.000000 -0.000022 133.157379 0.000000 
-0.000000 -133.157410 -0.000022 -0.000000 
-5.995370 4.872932 -0.000000 1.000000 
1.000000 0.000000 0.000000 0.000000 
0.000000 1.000000 0.000000 0.000000 
0.000000 0.000000 1.000000 0.000000 
0.000000 0.000000 0.000000 1.000000 
ParentIndex: 70
Name: 25_+pupils.pupils_0.2_0_0
Index: 78
ChildCount: 0
133.157379 0.000000 -0.000000 0.000000 
0.000000 -0.000022 133.157379 0.000000 
-0.000000 -133.157410 -0.000022 -0.000000 
-5.995370 4.872932 -0.000000 1.000000 
1.000000 0.000000 0.000000 0.000000 
0.000000 1.000000 0.000000 0.000000 
0.000000 0.000000 1.000000 0.000000 
0.000000 0.000000 0.000000 1.000000 
ParentIndex: 70
Name: 25_+lower armor.JannedaarcMI2
Index: 79
ChildCount: 0
133.157379 0.000000 -0.000000 0.000000 
0.000000 -0.000022 133.157379 0.000000 
-0.000000 -133.157410 -0.000022 -0.000000 
-5.995370 4.872932 -0.000000 1.000000 
1.000000 0.000000 0.000000 0.000000 
0.000000 1.000000 0.000000 0.000000 
0.000000 0.000000 1.000000 0.000000 
0.000000 0.000000 0.000000 1.000000 
ParentIndex: 70
Name: 25_+knee pads.JannedaarcMI2
Index: 80
ChildCount: 0
133.157379 0.000000 -0.000000 0.000000 
0.000000 -0.000022 133.157379 0.000000 
-0.000000 -133.157410 -0.000022 -0.000000 
-5.995370 4.872932 -0.000000 1.000000 
1.000000 0.000000 0.000000 0.000000 
0.000000 1.000000 0.000000 0.000000 
0.000000 0.000000 1.000000 0.000000 
0.000000 0.000000 0.000000 1.000000 
ParentIndex: 70
Name: 25_+front armor.JannedaarcMI2
Index: 81
ChildCount: 0
133.157379 0.000000 -0.000000 0.000000 
0.000000 -0.000022 133.157379 0.000000 
-0.000000 -133.157410 -0.000022 -0.000000 
-5.995370 4.872932 -0.000000 1.000000 
1.000000 0.000000 0.000000 0.000000 
0.000000 1.000000 0.000000 0.000000 
0.000000 0.000000 1.000000 0.000000 
0.000000 0.000000 0.000000 1.000000 
ParentIndex: 70
Name: 25_+elbow pads.JannedaarcMI2
Index: 82
ChildCount: 0
133.157379 0.000000 -0.000000 0.000000 
0.000000 -0.000022 133.157379 0.000000 
-0.000000 -133.157410 -0.000022 -0.000000 
-5.995370 4.872932 -0.000000 1.000000 
1.000000 0.000000 0.000000 0.000000 
0.000000 1.000000 0.000000 0.000000 
0.000000 0.000000 1.000000 0.000000 
0.000000 0.000000 0.000000 1.000000 
ParentIndex: 70
Name: 25_+coat.JannedaarcMI2
Index: 83
ChildCount: 0
133.157379 0.000000 -0.000000 0.000000 
0.000000 -0.000022 133.157379 0.000000 
-0.000000 -133.157410 -0.000022 -0.000000 
-5.995370 4.872932 -0.000000 1.000000 
1.000000 0.000000 0.000000 0.000000 
0.000000 1.000000 0.000000 0.000000 
0.000000 0.000000 1.000000 0.000000 
0.000000 0.000000 0.000000 1.000000 
ParentIndex: 70
Name: 25_+belt.JannedaarcMI2
Index: 84
ChildCount: 0
133.157379 0.000000 -0.000000 0.000000 
0.000000 -0.000022 133.157379 0.000000 
-0.000000 -133.157410 -0.000022 -0.000000 
-5.995370 4.872932 -0.000000 1.000000 
1.000000 0.000000 0.000000 0.000000 
0.000000 1.000000 0.000000 0.000000 
0.000000 0.000000 1.000000 0.000000 
0.000000 0.000000 0.000000 1.000000 
ParentIndex: 70
Name: 25_+belt armor.JannedaarcMI2
Index: 85
ChildCount: 0
133.157379 0.000000 -0.000000 0.000000 
0.000000 -0.000022 133.157379 0.000000 
-0.000000 -133.157410 -0.000022 -0.000000 
-5.995370 4.872932 -0.000000 1.000000 
1.000000 0.000000 0.000000 0.000000 
0.000000 1.000000 0.000000 0.000000 
0.000000 0.000000 1.000000 0.000000 
0.000000 0.000000 0.000000 1.000000 
