MaterialCount:1
Material: 0.000000 0.000000 0.000000 1.000000 0.800000 0.800000 0.800000 1.000000 0.000000 0.000000 0.000000 1.000000
MaterialPower: 1.000000
DiffuseMapName: 2k_eris_fictional.jpg
NormalMapName: <none>
SpecularMapName: <none>
