BonesSize: 240
ParentIndex: 238
Name: Hips
Index: 0
ChildCount: 25
Child Indicies: 1
Child Indicies: 123
Child Indicies: 127
Child Indicies: 131
Child Indicies: 133
Child Indicies: 135
Child Indicies: 136
Child Indicies: 137
Child Indicies: 139
Child Indicies: 141
Child Indicies: 147
Child Indicies: 153
Child Indicies: 159
Child Indicies: 165
Child Indicies: 171
Child Indicies: 177
Child Indicies: 183
Child Indicies: 189
Child Indicies: 195
Child Indicies: 201
Child Indicies: 207
Child Indicies: 213
Child Indicies: 219
Child Indicies: 225
Child Indicies: 231
1.000000 0.000000 -0.000000 0.000000 
0.000000 -0.000000 -1.000000 0.000000 
-0.000000 1.000000 -0.000000 -0.000000 
0.000000 -0.000000 -0.000000 1.000000 
1.000000 0.000000 -0.000000 0.000000 
0.000000 -0.000000 1.000000 0.000000 
-0.000000 -1.000000 -0.000000 -0.000000 
0.000000 -0.000000 0.000000 1.000000 
ParentIndex: 0
Name: Spine
Index: 1
ChildCount: 3
Child Indicies: 2
Child Indicies: 117
Child Indicies: 120
1.000000 0.000000 -0.000000 0.000000 
0.000000 1.000000 0.000728 0.000000 
-0.000000 -0.000728 1.000000 -0.000000 
0.000000 0.000000 -0.000000 1.000000 
1.000000 0.000000 -0.000000 0.000000 
0.000000 0.000728 1.000000 0.000000 
-0.000000 -1.000000 0.000728 -0.000000 
0.000000 -0.000000 0.000000 1.000000 
ParentIndex: 1
Name: Chest
Index: 2
ChildCount: 13
Child Indicies: 3
Child Indicies: 48
Child Indicies: 77
Child Indicies: 107
Child Indicies: 108
Child Indicies: 109
Child Indicies: 110
Child Indicies: 111
Child Indicies: 112
Child Indicies: 113
Child Indicies: 114
Child Indicies: 115
Child Indicies: 116
1.000000 0.000000 -0.000000 0.000000 
0.000000 0.994438 0.105322 0.000000 
-0.000000 -0.105322 0.994438 -0.000000 
0.000000 0.000000 -0.000000 1.000000 
1.000000 0.000000 -0.000000 0.000000 
0.000000 0.106046 0.994361 0.000000 
-0.000000 -0.994361 0.106046 -0.000000 
0.000000 -0.000000 0.000000 1.000000 
ParentIndex: 2
Name: Neck
Index: 3
ChildCount: 1
Child Indicies: 4
1.000000 0.000000 -0.000000 0.000000 
0.000000 0.981093 -0.193539 0.000000 
-0.000000 0.193539 0.981093 -0.000000 
0.000000 0.000000 0.000000 1.000000 
1.000000 0.000000 -0.000000 0.000000 
0.000000 -0.088407 0.996085 0.000000 
-0.000000 -0.996085 -0.088407 -0.000000 
0.000000 -0.000000 -0.000000 1.000000 
ParentIndex: 3
Name: Head
Index: 4
ChildCount: 20
Child Indicies: 5
Child Indicies: 6
Child Indicies: 7
Child Indicies: 10
Child Indicies: 13
Child Indicies: 16
Child Indicies: 19
Child Indicies: 22
Child Indicies: 23
Child Indicies: 24
Child Indicies: 25
Child Indicies: 28
Child Indicies: 31
Child Indicies: 34
Child Indicies: 37
Child Indicies: 39
Child Indicies: 41
Child Indicies: 43
Child Indicies: 45
Child Indicies: 47
1.000000 0.000000 -0.000000 0.000000 
0.000000 0.996084 0.088407 0.000000 
-0.000000 -0.088407 0.996084 -0.000000 
0.000000 0.000000 0.000000 1.000000 
1.000000 0.000000 -0.000000 0.000000 
0.000000 -0.000000 1.000000 0.000000 
-0.000000 -1.000000 -0.000000 -0.000000 
0.000000 -0.000000 -0.000000 1.000000 
ParentIndex: 4
Name: Eye_L
Index: 5
ChildCount: 0
-0.097049 0.971674 -0.215477 0.000000 
0.215477 -0.190851 -0.957677 0.000000 
-0.971674 -0.139372 -0.190852 -0.000000 
0.000000 0.000000 -0.000000 1.000000 
-0.097049 0.215477 -0.971675 0.000000 
-0.215477 -0.957677 -0.190852 0.000000 
-0.971674 0.190852 0.139372 -0.000000 
-0.000000 0.000000 0.000000 1.000000 
ParentIndex: 4
Name: Eye_R
Index: 6
ChildCount: 0
-0.097049 -0.971674 0.215477 0.000000 
-0.215477 -0.190851 -0.957677 0.000000 
0.971674 -0.139372 -0.190852 -0.000000 
-0.000000 0.000000 -0.000000 1.000000 
-0.097049 -0.215477 0.971675 0.000000 
0.215477 -0.957677 -0.190852 0.000000 
0.971674 0.190852 0.139372 -0.000000 
0.000000 0.000000 0.000000 1.000000 
ParentIndex: 4
Name: Tongue1
Index: 7
ChildCount: 1
Child Indicies: 8
1.000000 0.000000 -0.000000 0.000000 
0.000000 -0.392182 -0.919887 0.000000 
-0.000000 0.919887 -0.392182 -0.000000 
0.000000 -0.000000 -0.000000 1.000000 
1.000000 0.000000 -0.000000 0.000000 
0.000000 -0.919888 -0.392183 0.000000 
-0.000000 0.392182 -0.919888 -0.000000 
0.000000 0.000000 -0.000000 1.000000 
ParentIndex: 7
Name: Tongue2
Index: 8
ChildCount: 1
Child Indicies: 9
1.000000 0.000000 -0.000000 0.000000 
0.000000 0.999250 -0.038727 0.000000 
-0.000000 0.038727 0.999250 -0.000000 
0.000000 0.000000 0.000000 1.000000 
1.000000 0.000000 -0.000000 0.000000 
0.000000 -0.904009 -0.427513 0.000000 
-0.000000 0.427513 -0.904009 -0.000000 
0.000000 0.000000 -0.000000 1.000000 
ParentIndex: 8
Name: Tongue3
Index: 9
ChildCount: 0
1.000000 0.000000 -0.000000 0.000000 
0.000000 0.998211 0.059787 0.000000 
-0.000000 -0.059787 0.998211 -0.000000 
0.000000 0.000000 0.000000 1.000000 
1.000000 0.000000 -0.000000 0.000000 
0.000000 -0.927952 -0.372700 0.000000 
-0.000000 0.372700 -0.927952 -0.000000 
0.000000 0.000000 -0.000000 1.000000 
ParentIndex: 4
Name: BackSideHair1_R
Index: 10
ChildCount: 1
Child Indicies: 11
1.000000 0.000000 -0.000000 0.000000 
0.000000 -0.984808 0.173648 0.000000 
-0.000000 -0.173648 -0.984808 -0.000000 
-0.000000 0.000000 0.000000 1.000000 
1.000000 0.000000 -0.000000 0.000000 
0.000000 0.173649 -0.984796 0.000000 
-0.000000 0.984808 0.173647 -0.000000 
0.000000 0.000000 0.000000 1.000000 
ParentIndex: 10
Name: BackSideHair2_R
Index: 11
ChildCount: 1
Child Indicies: 12
1.000000 0.000000 -0.000000 0.000000 
0.000000 1.000000 -0.000000 0.000000 
-0.000000 -0.000000 1.000000 -0.000000 
0.000000 0.000000 0.000000 1.000000 
1.000000 0.000000 -0.000000 0.000000 
0.000000 0.173648 -0.984797 0.000000 
-0.000000 0.984808 0.173646 -0.000000 
0.000000 0.000000 0.000000 1.000000 
ParentIndex: 11
Name: BackSideHair3_R
Index: 12
ChildCount: 0
1.000000 0.000000 -0.000000 0.000000 
0.000000 1.000000 -0.000000 0.000000 
-0.000000 -0.000000 1.000000 -0.000000 
0.000000 0.000000 -0.000000 1.000000 
1.000000 0.000000 -0.000000 0.000000 
0.000000 0.173648 -0.984796 0.000000 
-0.000000 0.984808 0.173646 -0.000000 
0.000000 0.000000 0.000000 1.000000 
ParentIndex: 4
Name: BackInsideHair1
Index: 13
ChildCount: 1
Child Indicies: 14
1.000000 0.000000 -0.000000 0.000000 
0.000000 -0.984808 0.173649 0.000000 
-0.000000 -0.173649 -0.984808 -0.000000 
0.000000 0.000000 0.000000 1.000000 
1.000000 0.000000 -0.000000 0.000000 
0.000000 0.173648 -0.984813 0.000000 
-0.000000 0.984808 0.173649 -0.000000 
0.000000 0.000000 0.000000 1.000000 
ParentIndex: 13
Name: BackInsideHair2
Index: 14
ChildCount: 1
Child Indicies: 15
1.000000 0.000000 -0.000000 0.000000 
0.000000 0.999215 -0.039618 0.000000 
-0.000000 0.039618 0.999215 -0.000000 
0.000000 0.000000 -0.000000 1.000000 
1.000000 0.000000 -0.000000 0.000000 
0.000000 0.212528 -0.977160 0.000000 
-0.000000 0.977155 0.212529 -0.000000 
0.000000 0.000000 0.000000 1.000000 
ParentIndex: 14
Name: BackInsideHair3
Index: 15
ChildCount: 0
1.000000 0.000000 -0.000000 0.000000 
0.000000 0.999215 0.039618 0.000000 
-0.000000 -0.039618 0.999215 -0.000000 
0.000000 0.000000 -0.000000 1.000000 
1.000000 0.000000 -0.000000 0.000000 
0.000000 0.173648 -0.984813 0.000000 
-0.000000 0.984808 0.173649 -0.000000 
0.000000 0.000000 0.000000 1.000000 
ParentIndex: 4
Name: BackHair1
Index: 16
ChildCount: 1
Child Indicies: 17
1.000000 0.000000 -0.000000 0.000000 
0.000000 -0.984808 0.173648 0.000000 
-0.000000 -0.173648 -0.984808 -0.000000 
0.000000 0.000000 0.000000 1.000000 
1.000000 0.000000 -0.000000 0.000000 
0.000000 0.173648 -0.984813 0.000000 
-0.000000 0.984808 0.173649 -0.000000 
0.000000 0.000000 0.000000 1.000000 
ParentIndex: 16
Name: BackHair2
Index: 17
ChildCount: 1
Child Indicies: 18
1.000000 0.000000 -0.000000 0.000000 
0.000000 0.998672 -0.051511 0.000000 
-0.000000 0.051511 0.998672 -0.000000 
0.000000 0.000000 0.000000 1.000000 
1.000000 0.000000 -0.000000 0.000000 
0.000000 0.224146 -0.974561 0.000000 
-0.000000 0.974556 0.224147 -0.000000 
0.000000 0.000000 0.000000 1.000000 
ParentIndex: 17
Name: BackHair3
Index: 18
ChildCount: 0
1.000000 0.000000 -0.000000 0.000000 
0.000000 0.998672 0.051511 0.000000 
-0.000000 -0.051511 0.998672 -0.000000 
0.000000 0.000000 -0.000000 1.000000 
1.000000 0.000000 -0.000000 0.000000 
0.000000 0.173648 -0.984813 0.000000 
-0.000000 0.984808 0.173649 -0.000000 
0.000000 0.000000 0.000000 1.000000 
ParentIndex: 4
Name: BackSideHair1_L
Index: 19
ChildCount: 1
Child Indicies: 20
1.000000 0.000000 -0.000000 0.000000 
0.000000 -0.984808 0.173648 0.000000 
-0.000000 -0.173648 -0.984808 -0.000000 
0.000000 0.000000 0.000000 1.000000 
1.000000 0.000000 -0.000000 0.000000 
0.000000 0.173649 -0.984796 0.000000 
-0.000000 0.984808 0.173647 -0.000000 
-0.000000 0.000000 0.000000 1.000000 
ParentIndex: 19
Name: BackSideHair2_L
Index: 20
ChildCount: 1
Child Indicies: 21
0.997613 -0.052352 0.045036 0.000000 
0.053443 0.998298 -0.023364 0.000000 
-0.043737 0.025715 0.998712 -0.000000 
0.000000 0.000000 0.000000 1.000000 
0.997613 0.053443 -0.043737 0.000000 
-0.053444 0.196362 -0.979063 0.000000 
-0.043736 0.979074 0.198748 -0.000000 
-0.000000 0.000000 0.000000 1.000000 
ParentIndex: 20
Name: BackSideHair3_L
Index: 21
ChildCount: 0
0.997613 0.053443 -0.043736 0.000000 
-0.052352 0.998298 0.025716 0.000000 
0.045036 -0.023364 0.998712 -0.000000 
-0.000000 0.000000 -0.000000 1.000000 
1.000000 0.000000 -0.000001 0.000000 
-0.000000 0.173648 -0.984797 0.000000 
0.000000 0.984808 0.173646 -0.000000 
-0.000000 0.000000 0.000000 1.000000 
ParentIndex: 4
Name: FrontHair_L
Index: 22
ChildCount: 0
1.000000 0.000000 -0.000000 0.000000 
0.000000 -0.984807 0.173653 0.000000 
-0.000000 -0.173653 -0.984807 -0.000000 
0.000000 0.000000 -0.000000 1.000000 
1.000000 0.000000 -0.000000 0.000000 
0.000000 0.173653 -0.984819 0.000000 
-0.000000 0.984807 0.173655 -0.000000 
-0.000000 0.000000 0.000000 1.000000 
ParentIndex: 4
Name: MiddleFrontHair
Index: 23
ChildCount: 0
1.000000 0.000000 -0.000000 0.000000 
0.000000 -0.984807 0.173650 0.000000 
-0.000000 -0.173650 -0.984807 -0.000000 
0.000000 0.000000 -0.000000 1.000000 
1.000000 0.000000 -0.000000 0.000000 
0.000000 0.173650 -0.984809 0.000000 
-0.000000 0.984808 0.173650 -0.000000 
0.000000 0.000000 0.000000 1.000000 
ParentIndex: 4
Name: FrontHair_R
Index: 24
ChildCount: 0
1.000000 0.000000 -0.000000 0.000000 
0.000000 -0.984807 0.173653 0.000000 
-0.000000 -0.173653 -0.984807 -0.000000 
-0.000000 0.000000 -0.000000 1.000000 
1.000000 0.000000 -0.000000 0.000000 
0.000000 0.173653 -0.984819 0.000000 
-0.000000 0.984807 0.173655 -0.000000 
0.000000 0.000000 0.000000 1.000000 
ParentIndex: 4
Name: SideHair1_R
Index: 25
ChildCount: 1
Child Indicies: 26
0.968202 -0.175118 0.178655 0.000000 
-0.178655 -0.983905 0.003774 0.000000 
0.175119 -0.035572 -0.983905 -0.000000 
-0.000000 0.000000 -0.000000 1.000000 
0.968211 -0.178654 0.175119 0.000000 
0.178656 0.003775 -0.983905 0.000000 
0.175119 0.983905 0.035572 -0.000000 
0.000000 0.000000 0.000000 1.000000 
ParentIndex: 25
Name: SideHair2_R
Index: 26
ChildCount: 1
Child Indicies: 27
0.968202 -0.178657 0.175119 0.000000 
0.186522 0.982011 -0.029398 0.000000 
-0.166716 0.061127 0.984108 -0.000000 
-0.000000 0.000000 -0.000000 1.000000 
1.000008 0.000004 -0.000002 0.000000 
-0.000002 0.065954 -0.997823 0.000000 
-0.000004 0.997824 0.065954 -0.000000 
0.000000 0.000000 0.000000 1.000000 
ParentIndex: 26
Name: SideHair3_R
Index: 27
ChildCount: 0
1.000000 -0.000000 0.000001 0.000000 
-0.000000 0.999906 0.013734 0.000000 
-0.000001 -0.013734 0.999906 -0.000000 
-0.000000 0.000000 -0.000000 1.000000 
1.000008 0.000004 -0.000003 0.000000 
-0.000003 0.052244 -0.998635 0.000000 
-0.000004 0.998636 0.052244 -0.000000 
0.000000 0.000000 0.000000 1.000000 
ParentIndex: 4
Name: SideHair1_L
Index: 28
ChildCount: 1
Child Indicies: 29
0.968202 0.175118 -0.178655 0.000000 
0.178655 -0.983905 0.003774 0.000000 
-0.175119 -0.035572 -0.983905 -0.000000 
0.000000 0.000000 -0.000000 1.000000 
0.968211 0.178654 -0.175119 0.000000 
-0.178656 0.003775 -0.983905 0.000000 
-0.175119 0.983905 0.035572 -0.000000 
-0.000000 0.000000 0.000000 1.000000 
ParentIndex: 28
Name: SideHair2_L
Index: 29
ChildCount: 1
Child Indicies: 30
0.968202 0.178657 -0.175119 0.000000 
-0.186522 0.982011 -0.029398 0.000000 
0.166716 0.061127 0.984108 -0.000000 
0.000000 0.000000 -0.000000 1.000000 
1.000008 -0.000004 0.000002 0.000000 
0.000002 0.065954 -0.997823 0.000000 
0.000004 0.997824 0.065954 -0.000000 
-0.000000 0.000000 0.000000 1.000000 
ParentIndex: 29
Name: SideHair3_L
Index: 30
ChildCount: 0
0.996824 -0.059151 0.053327 0.000000 
0.057114 0.997607 0.038956 0.000000 
-0.055504 -0.035787 0.997817 -0.000000 
0.000000 0.000000 -0.000000 1.000000 
0.996832 0.057110 -0.055502 0.000000 
-0.057111 0.026925 -0.998005 0.000000 
-0.055502 0.998006 0.030101 -0.000000 
-0.000000 0.000000 0.000000 1.000000 
ParentIndex: 4
Name: SideInsideHair1_R
Index: 31
ChildCount: 1
Child Indicies: 32
0.925062 0.238517 -0.295583 0.000000 
0.295582 -0.940804 0.165889 0.000000 
-0.238518 -0.240827 -0.940804 -0.000000 
-0.000000 0.000000 -0.000000 1.000000 
0.925061 0.295582 -0.238519 0.000000 
-0.295583 0.165889 -0.940803 0.000000 
-0.238517 0.940804 0.240827 -0.000000 
-0.000000 0.000000 0.000000 1.000000 
ParentIndex: 31
Name: SideInsideHair2_R
Index: 32
ChildCount: 1
Child Indicies: 33
0.999419 -0.025126 0.023042 0.000000 
0.025356 0.999631 -0.009758 0.000000 
-0.022788 0.010337 0.999687 -0.000000 
0.000000 0.000000 0.000000 1.000000 
0.911600 0.321257 -0.256469 0.000000 
-0.321257 0.167514 -0.932058 0.000000 
-0.256467 0.932059 0.255912 -0.000000 
-0.000000 0.000000 0.000000 1.000000 
ParentIndex: 32
Name: SideInsideHair3_R
Index: 33
ChildCount: 0
0.986147 -0.121979 0.112407 0.000000 
0.126337 0.991456 -0.032475 0.000000 
-0.107486 0.046226 0.993131 -0.000000 
-0.000000 0.000000 -0.000000 1.000000 
0.830956 0.442009 -0.337841 0.000000 
-0.442010 0.155764 -0.883382 0.000000 
-0.337839 0.883383 0.324806 -0.000000 
-0.000000 0.000000 0.000000 1.000000 
ParentIndex: 4
Name: SideInsideHair1_L
Index: 34
ChildCount: 1
Child Indicies: 35
0.939355 -0.216166 0.266243 0.000000 
-0.266244 -0.949001 0.168852 0.000000 
0.216165 -0.229497 -0.949001 -0.000000 
0.000000 0.000000 -0.000000 1.000000 
0.939355 -0.266243 0.216165 0.000000 
0.266243 0.168852 -0.949002 0.000000 
0.216166 0.949002 0.229497 -0.000000 
0.000000 0.000000 0.000000 1.000000 
ParentIndex: 34
Name: SideInsideHair2_L
Index: 35
ChildCount: 1
Child Indicies: 36
0.993229 -0.088803 0.074900 0.000000 
0.087410 0.995936 0.021680 0.000000 
-0.076521 -0.014986 0.996955 -0.000000 
0.000000 0.000000 0.000000 1.000000 
0.972829 -0.178366 0.147616 0.000000 
0.178365 0.170864 -0.969016 0.000000 
0.147617 0.969016 0.198035 -0.000000 
0.000000 0.000000 0.000000 1.000000 
ParentIndex: 35
Name: SideInsideHair3_L
Index: 36
ChildCount: 0
0.357244 -0.437504 -0.825207 0.000000 
-0.875614 -0.464378 -0.132864 0.000000 
-0.325080 0.770028 -0.548981 -0.000000 
-0.000000 0.000000 0.000000 1.000000 
0.303758 -0.788607 -0.534632 0.000000 
0.788606 -0.106777 0.605558 0.000000 
-0.534634 -0.605557 0.589465 -0.000000 
-0.000000 -0.000000 0.000000 1.000000 
ParentIndex: 4
Name: HatBack
Index: 37
ChildCount: 1
Child Indicies: 38
1.000000 0.000000 -0.000000 0.000000 
0.000000 -0.811576 0.584247 0.000000 
-0.000000 -0.584247 -0.811576 -0.000000 
0.000000 0.000000 0.000000 1.000000 
1.000000 0.000000 -0.000000 0.000000 
0.000000 0.584247 -0.811576 0.000000 
-0.000000 0.811576 0.584247 -0.000000 
0.000000 0.000000 0.000000 1.000000 
ParentIndex: 37
Name: HatBack2
Index: 38
ChildCount: 0
1.000000 0.000000 -0.000000 0.000000 
0.000000 0.999984 0.005723 0.000000 
-0.000000 -0.005723 0.999984 -0.000000 
0.000000 0.000000 0.000000 1.000000 
1.000000 0.000000 -0.000000 0.000000 
0.000000 0.579593 -0.814906 0.000000 
-0.000000 0.814906 0.579593 -0.000000 
0.000000 0.000000 0.000000 1.000000 
ParentIndex: 4
Name: HatBack_L
Index: 39
ChildCount: 1
Child Indicies: 40
0.921953 0.211777 -0.324273 0.000000 
0.324273 -0.879901 0.347306 0.000000 
-0.211776 -0.425353 -0.879901 -0.000000 
0.000000 0.000000 0.000000 1.000000 
0.921954 0.324273 -0.211776 0.000000 
-0.324272 0.347306 -0.879901 0.000000 
-0.211777 0.879901 0.425353 -0.000000 
-0.000000 0.000000 0.000000 1.000000 
ParentIndex: 39
Name: HatBack2_L
Index: 40
ChildCount: 0
0.999997 0.001042 0.001997 0.000000 
-0.001020 0.999938 -0.011119 0.000000 
-0.002008 0.011117 0.999936 -0.000000 
0.000000 0.000000 -0.000000 1.000000 
0.921867 0.325667 -0.210009 0.000000 
-0.325666 0.357399 -0.875333 0.000000 
-0.210010 0.875333 0.435533 -0.000000 
-0.000000 0.000000 0.000000 1.000000 
ParentIndex: 4
Name: HatBack_R
Index: 41
ChildCount: 1
Child Indicies: 42
0.921953 -0.211777 0.324273 0.000000 
-0.324273 -0.879901 0.347306 0.000000 
0.211777 -0.425353 -0.879901 -0.000000 
-0.000000 0.000000 0.000000 1.000000 
0.921953 -0.324273 0.211777 0.000000 
0.324273 0.347306 -0.879901 0.000000 
0.211777 0.879901 0.425353 -0.000000 
0.000000 0.000000 0.000000 1.000000 
ParentIndex: 41
Name: HatBack2_R
Index: 42
ChildCount: 0
0.999997 -0.001043 -0.001997 0.000000 
0.001021 0.999938 -0.011120 0.000000 
0.002008 0.011118 0.999936 -0.000000 
-0.000000 0.000000 0.000000 1.000000 
0.921866 -0.325667 0.210010 0.000000 
0.325667 0.357399 -0.875332 0.000000 
0.210010 0.875332 0.435533 -0.000000 
0.000000 0.000000 0.000000 1.000000 
ParentIndex: 4
Name: HatSide_L
Index: 43
ChildCount: 1
Child Indicies: 44
0.854395 0.292726 -0.429325 0.000000 
0.429325 -0.863122 0.265895 0.000000 
-0.292726 -0.411500 -0.863122 -0.000000 
0.000000 0.000000 0.000000 1.000000 
0.854396 0.429325 -0.292725 0.000000 
-0.429325 0.265896 -0.863122 0.000000 
-0.292726 0.863122 0.411500 -0.000000 
-0.000000 0.000000 0.000000 1.000000 
ParentIndex: 43
Name: HatSide2_L
Index: 44
ChildCount: 0
0.998690 0.043276 -0.027289 0.000000 
-0.043471 0.999033 -0.006608 0.000000 
0.026976 0.007785 0.999606 -0.000000 
-0.000000 0.000000 0.000000 1.000000 
0.879845 0.393702 -0.266219 0.000000 
-0.393702 0.290005 -0.872294 0.000000 
-0.266219 0.872293 0.410161 -0.000000 
-0.000000 0.000000 0.000000 1.000000 
ParentIndex: 4
Name: HatSide_R
Index: 45
ChildCount: 1
Child Indicies: 46
0.854395 -0.292726 0.429325 0.000000 
-0.429325 -0.863122 0.265895 0.000000 
0.292726 -0.411500 -0.863122 -0.000000 
-0.000000 0.000000 0.000000 1.000000 
0.854396 -0.429325 0.292725 0.000000 
0.429325 0.265896 -0.863122 0.000000 
0.292726 0.863122 0.411500 -0.000000 
0.000000 0.000000 0.000000 1.000000 
ParentIndex: 45
Name: HatSide2_R
Index: 46
ChildCount: 0
0.998690 -0.043276 0.027289 0.000000 
0.043471 0.999033 -0.006608 0.000000 
-0.026976 0.007785 0.999606 -0.000000 
0.000000 0.000000 0.000000 1.000000 
0.879845 -0.393702 0.266219 0.000000 
0.393702 0.290005 -0.872294 0.000000 
0.266219 0.872293 0.410161 -0.000000 
0.000000 0.000000 0.000000 1.000000 
ParentIndex: 4
Name: HatFront
Index: 47
ChildCount: 0
1.000000 0.000000 -0.000000 0.000000 
0.000000 0.999377 -0.035291 0.000000 
-0.000000 0.035291 0.999377 -0.000000 
0.000000 0.000000 -0.000000 1.000000 
1.000000 0.000000 -0.000000 0.000000 
0.000000 -0.035291 0.999377 0.000000 
-0.000000 -0.999377 -0.035291 -0.000000 
0.000000 -0.000000 0.000000 1.000000 
ParentIndex: 2
Name: Left shoulder
Index: 48
ChildCount: 1
Child Indicies: 49
0.075423 0.147085 -0.986244 0.000000 
0.965085 -0.259575 0.035093 0.000000 
-0.250843 -0.954456 -0.161528 -0.000000 
0.000000 0.000000 0.000000 1.000000 
0.075423 0.965085 -0.250843 0.000000 
-0.965085 0.007368 -0.261833 0.000000 
-0.250843 0.261833 0.931945 -0.000000 
-0.000000 0.000000 0.000000 1.000000 
ParentIndex: 48
Name: Left arm
Index: 49
ChildCount: 4
Child Indicies: 50
Child Indicies: 51
Child Indicies: 52
Child Indicies: 53
0.912455 0.228014 -0.339758 0.000000 
-0.091342 0.922898 0.374054 0.000000 
0.398852 -0.310273 0.862930 -0.000000 
0.000000 0.000000 0.000000 1.000000 
0.374099 0.789956 -0.485817 0.000000 
-0.789957 -0.002987 -0.613155 0.000000 
-0.485817 0.613156 0.622914 -0.000000 
-0.000000 0.000000 0.000000 1.000000 
ParentIndex: 49
Name: B1_L
Index: 50
ChildCount: 0
0.374099 0.789957 -0.485817 0.000000 
0.485817 -0.613156 -0.622914 0.000000 
-0.789957 -0.002987 -0.613156 -0.000000 
0.000000 0.000000 -0.000000 1.000000 
1.000000 0.000000 0.000000 0.000000 
-0.000000 -0.000000 1.000000 0.000000 
0.000000 -1.000000 -0.000000 -0.000000 
-0.000000 -0.000000 -0.000000 1.000000 
ParentIndex: 49
Name: B2_L
Index: 51
ChildCount: 0
0.374099 0.789957 -0.485817 0.000000 
0.485817 -0.613156 -0.622914 0.000000 
-0.789957 -0.002987 -0.613156 -0.000000 
0.000000 0.000000 -0.000000 1.000000 
1.000000 0.000000 0.000000 0.000000 
-0.000000 -0.000000 1.000000 0.000000 
0.000000 -1.000000 -0.000000 -0.000000 
-0.000000 -0.000000 -0.000000 1.000000 
ParentIndex: 49
Name: B3_L
Index: 52
ChildCount: 0
0.374099 0.789957 -0.485818 0.000000 
0.485818 -0.613156 -0.622914 0.000000 
-0.789957 -0.002987 -0.613156 -0.000000 
0.000000 0.000000 0.000000 1.000000 
1.000000 0.000000 -0.000000 0.000000 
0.000000 -0.000000 1.000000 0.000000 
0.000000 -1.000000 -0.000000 -0.000000 
-0.000000 -0.000000 -0.000000 1.000000 
ParentIndex: 49
Name: Left elbow
Index: 53
ChildCount: 5
Child Indicies: 54
Child Indicies: 57
Child Indicies: 58
Child Indicies: 59
Child Indicies: 60
0.999981 0.003922 0.004801 0.000000 
-0.003878 0.999951 -0.009118 0.000000 
-0.004837 0.009100 0.999947 -0.000000 
-0.000000 0.000000 0.000000 1.000000 
0.374857 0.792897 -0.480413 0.000000 
-0.792897 0.005667 -0.609329 0.000000 
-0.480413 0.609329 0.630810 -0.000000 
-0.000000 0.000000 0.000000 1.000000 
ParentIndex: 53
Name: Sleeve_L
Index: 54
ChildCount: 2
Child Indicies: 55
Child Indicies: 56
0.374857 0.792897 -0.480413 0.000000 
0.480413 -0.609330 -0.630810 0.000000 
-0.792897 0.005667 -0.609329 -0.000000 
0.000000 0.000000 0.000000 1.000000 
1.000000 -0.000000 -0.000000 0.000000 
0.000000 -0.000000 1.000000 0.000000 
-0.000000 -1.000000 -0.000000 -0.000000 
-0.000000 -0.000000 -0.000000 1.000000 
ParentIndex: 54
Name: B4_L
Index: 55
ChildCount: 0
1.000000 0.000000 -0.000000 0.000000 
0.000000 1.000000 -0.000000 0.000000 
-0.000000 -0.000000 1.000000 -0.000000 
0.000000 -0.000000 0.000000 1.000000 
1.000000 -0.000000 -0.000000 0.000000 
0.000000 -0.000000 1.000000 0.000000 
-0.000000 -1.000000 -0.000000 -0.000000 
-0.000000 -0.000000 -0.000000 1.000000 
ParentIndex: 54
Name: B5_L
Index: 56
ChildCount: 0
1.000000 0.000000 -0.000000 0.000000 
0.000000 1.000000 -0.000000 0.000000 
-0.000000 -0.000000 1.000000 -0.000000 
0.000000 -0.000000 0.000000 1.000000 
1.000000 0.000000 -0.000000 0.000000 
0.000000 -0.000000 1.000000 0.000000 
0.000000 -1.000000 -0.000000 -0.000000 
-0.000000 -0.000000 -0.000000 1.000000 
ParentIndex: 53
Name: C1_L
Index: 57
ChildCount: 0
0.374857 0.792897 -0.480413 0.000000 
0.480413 -0.609330 -0.630810 0.000000 
-0.792897 0.005667 -0.609329 -0.000000 
-0.000000 0.000000 0.000000 1.000000 
1.000000 -0.000000 -0.000000 0.000000 
0.000000 -0.000000 1.000000 0.000000 
-0.000000 -1.000000 -0.000000 -0.000000 
-0.000000 -0.000000 -0.000000 1.000000 
ParentIndex: 53
Name: C2_L
Index: 58
ChildCount: 0
0.374857 0.792897 -0.480413 0.000000 
0.480413 -0.609330 -0.630810 0.000000 
-0.792897 0.005667 -0.609329 -0.000000 
0.000000 0.000000 -0.000000 1.000000 
1.000000 -0.000000 -0.000000 0.000000 
0.000000 -0.000000 1.000000 0.000000 
-0.000000 -1.000000 -0.000000 -0.000000 
-0.000000 -0.000000 -0.000000 1.000000 
ParentIndex: 53
Name: C3_L
Index: 59
ChildCount: 0
0.374857 0.792897 -0.480413 0.000000 
0.480413 -0.609330 -0.630810 0.000000 
-0.792897 0.005667 -0.609329 -0.000000 
-0.000000 0.000000 0.000000 1.000000 
1.000000 -0.000000 -0.000000 0.000000 
0.000000 -0.000000 1.000000 0.000000 
-0.000000 -1.000000 -0.000000 -0.000000 
-0.000000 -0.000000 -0.000000 1.000000 
ParentIndex: 53
Name: Left wrist
Index: 60
ChildCount: 6
Child Indicies: 61
Child Indicies: 62
Child Indicies: 65
Child Indicies: 68
Child Indicies: 71
Child Indicies: 74
0.999246 0.021719 -0.032188 0.000000 
-0.020914 0.999466 0.025126 0.000000 
0.032717 -0.024434 0.999166 -0.000000 
-0.000000 0.000000 -0.000000 1.000000 
0.407259 0.772563 -0.487121 0.000000 
-0.772563 0.006937 -0.634900 0.000000 
-0.487121 0.634901 0.599678 -0.000000 
-0.000000 0.000000 0.000000 1.000000 
ParentIndex: 60
Name: C4_L
Index: 61
ChildCount: 0
0.407259 0.772563 -0.487121 0.000000 
0.487121 -0.634901 -0.599678 0.000000 
-0.772563 0.006937 -0.634901 -0.000000 
0.000000 0.000000 -0.000000 1.000000 
1.000000 0.000000 0.000000 0.000000 
-0.000000 -0.000000 1.000000 0.000000 
0.000000 -1.000000 -0.000000 -0.000000 
-0.000000 -0.000000 -0.000000 1.000000 
ParentIndex: 60
Name: Thumb0_L
Index: 62
ChildCount: 1
Child Indicies: 63
0.940468 0.007676 -0.339797 0.000000 
0.161269 0.869963 0.466001 0.000000 
0.299187 -0.493058 0.816934 -0.000000 
0.000000 0.000000 0.000000 1.000000 
0.554466 0.510780 -0.657017 0.000000 
-0.510780 -0.414419 -0.753233 0.000000 
-0.657017 0.753233 0.031114 -0.000000 
-0.000000 0.000000 0.000000 1.000000 
ParentIndex: 62
Name: Thumb1_L
Index: 63
ChildCount: 1
Child Indicies: 64
0.959756 0.048930 0.276538 0.000000 
0.044324 0.945970 -0.321211 0.000000 
-0.277314 0.320542 0.905732 -0.000000 
0.000000 0.000000 -0.000000 1.000000 
0.375455 0.718800 -0.585116 0.000000 
-0.718800 -0.172721 -0.673420 0.000000 
-0.585116 0.673420 0.451824 -0.000000 
-0.000000 0.000000 0.000000 1.000000 
ParentIndex: 63
Name: Thumb2_L
Index: 64
ChildCount: 0
0.996274 0.004697 0.086116 0.000000 
0.003911 0.995028 -0.099520 0.000000 
-0.086155 0.099486 0.991302 -0.000000 
-0.000000 0.000000 -0.000000 1.000000 
0.327044 0.774925 -0.540864 0.000000 
-0.774925 -0.107655 -0.622817 0.000000 
-0.540863 0.622818 0.565301 -0.000000 
-0.000000 0.000000 0.000000 1.000000 
ParentIndex: 60
Name: IndexFinger1_L
Index: 65
ChildCount: 1
Child Indicies: 66
0.999917 -0.005860 0.011465 0.000000 
0.005975 0.999932 -0.010008 0.000000 
-0.011406 0.010076 0.999884 -0.000000 
0.000000 0.000000 0.000000 1.000000 
0.397113 0.779818 -0.483926 0.000000 
-0.779819 0.008675 -0.625945 0.000000 
-0.483926 0.625946 0.611562 -0.000000 
-0.000000 0.000000 0.000000 1.000000 
ParentIndex: 65
Name: IndexFinger2_L
Index: 66
ChildCount: 1
Child Indicies: 67
0.999507 -0.023841 0.020415 0.000000 
0.023985 0.999689 -0.006859 0.000000 
-0.020245 0.007345 0.999768 -0.000000 
-0.000000 0.000000 -0.000000 1.000000 
0.368446 0.792420 -0.486125 0.000000 
-0.792420 -0.005739 -0.609949 0.000000 
-0.486125 0.609949 0.625815 -0.000000 
-0.000000 0.000000 0.000000 1.000000 
ParentIndex: 66
Name: IndexFinger3_L
Index: 67
ChildCount: 0
0.999942 0.000278 0.010798 0.000000 
-0.000130 0.999906 -0.013708 0.000000 
-0.010800 0.013705 0.999848 -0.000000 
-0.000000 0.000000 -0.000000 1.000000 
0.363396 0.798961 -0.479170 0.000000 
-0.798961 0.002726 -0.601376 0.000000 
-0.479170 0.601376 0.639330 -0.000000 
-0.000000 0.000000 0.000000 1.000000 
ParentIndex: 60
Name: MiddleFinger1_L
Index: 68
ChildCount: 1
Child Indicies: 69
0.997953 -0.044848 0.045601 0.000000 
0.045821 0.998739 -0.020518 0.000000 
-0.044623 0.022565 0.998749 -0.000000 
0.000000 0.000000 -0.000000 1.000000 
0.349564 0.800244 -0.487252 0.000000 
-0.800244 -0.015445 -0.599475 0.000000 
-0.487252 0.599476 0.634991 -0.000000 
-0.000000 0.000000 0.000000 1.000000 
ParentIndex: 68
Name: MiddleFinger2_L
Index: 69
ChildCount: 1
Child Indicies: 70
0.999745 0.020918 -0.008456 0.000000 
-0.020963 0.999766 -0.005265 0.000000 
0.008344 0.005441 0.999950 -0.000000 
0.000000 0.000000 0.000000 1.000000 
0.370335 0.795294 -0.479957 0.000000 
-0.795294 0.004491 -0.606207 0.000000 
-0.479957 0.606207 0.634156 -0.000000 
-0.000000 0.000000 0.000000 1.000000 
ParentIndex: 69
Name: MiddleFinger3_L
Index: 70
ChildCount: 0
0.999432 -0.016326 0.029488 0.000000 
0.017037 0.999566 -0.024029 0.000000 
-0.029083 0.024517 0.999276 -0.000000 
0.000000 0.000000 0.000000 1.000000 
0.342987 0.812791 -0.470882 0.000000 
-0.812792 0.005506 -0.582528 0.000000 
-0.470882 0.582528 0.662519 -0.000000 
-0.000000 0.000000 0.000000 1.000000 
ParentIndex: 60
Name: RingFinger1_L
Index: 71
ChildCount: 1
Child Indicies: 72
0.999450 -0.016831 0.028568 0.000000 
0.017481 0.999591 -0.022637 0.000000 
-0.028175 0.023123 0.999336 -0.000000 
-0.000000 0.000000 -0.000000 1.000000 
0.380116 0.790392 -0.480408 0.000000 
-0.790393 0.007801 -0.612551 0.000000 
-0.480408 0.612551 0.627686 -0.000000 
-0.000000 0.000000 0.000000 1.000000 
ParentIndex: 71
Name: RingFinger2_L
Index: 72
ChildCount: 1
Child Indicies: 73
0.999911 -0.009627 0.009292 0.000000 
0.009667 0.999944 -0.004300 0.000000 
-0.009250 0.004389 0.999948 -0.000000 
0.000000 0.000000 0.000000 1.000000 
0.368009 0.796089 -0.480429 0.000000 
-0.796089 0.002794 -0.605174 0.000000 
-0.480430 0.605174 0.634785 -0.000000 
-0.000000 0.000000 0.000000 1.000000 
ParentIndex: 72
Name: RingFinger3_L
Index: 73
ChildCount: 0
0.999191 -0.023890 0.032341 0.000000 
0.024595 0.999464 -0.021584 0.000000 
-0.031808 0.022362 0.999244 -0.000000 
-0.000000 0.000000 0.000000 1.000000 
0.333155 0.815083 -0.473969 0.000000 
-0.815083 -0.003725 -0.579332 0.000000 
-0.473969 0.579332 0.663120 -0.000000 
-0.000000 0.000000 0.000000 1.000000 
ParentIndex: 60
Name: LittleFinger1_L
Index: 74
ChildCount: 1
Child Indicies: 75
0.999827 0.007144 0.017174 0.000000 
-0.006657 0.999579 -0.028241 0.000000 
-0.017368 0.028122 0.999454 -0.000000 
-0.000000 0.000000 -0.000000 1.000000 
0.404342 0.783283 -0.472203 0.000000 
-0.783283 0.030008 -0.620940 0.000000 
-0.472202 0.620941 0.625666 -0.000000 
-0.000000 0.000000 0.000000 1.000000 
ParentIndex: 74
Name: LittleFinger2_L
Index: 75
ChildCount: 1
Child Indicies: 76
0.998669 -0.042341 0.029470 0.000000 
0.042487 0.999087 -0.004368 0.000000 
-0.029259 0.005614 0.999556 -0.000000 
0.000000 0.000000 0.000000 1.000000 
0.356723 0.801810 -0.479426 0.000000 
-0.801810 -0.000587 -0.597578 0.000000 
-0.479426 0.597579 0.642690 -0.000000 
-0.000000 0.000000 0.000000 1.000000 
ParentIndex: 75
Name: LittleFinger3_L
Index: 76
ChildCount: 0
0.999631 -0.008784 0.025721 0.000000 
0.009428 0.999643 -0.025014 0.000000 
-0.025492 0.025247 0.999356 -0.000000 
0.000000 0.000000 0.000000 1.000000 
0.337217 0.816879 -0.467968 0.000000 
-0.816879 0.006801 -0.576769 0.000000 
-0.467968 0.576769 0.669585 -0.000000 
-0.000000 0.000000 0.000000 1.000000 
ParentIndex: 2
Name: Right shoulder
Index: 77
ChildCount: 1
Child Indicies: 78
0.075423 -0.147085 0.986244 0.000000 
-0.965085 -0.259575 0.035093 0.000000 
0.250843 -0.954456 -0.161528 -0.000000 
-0.000000 0.000000 0.000000 1.000000 
0.075423 -0.965085 0.250843 0.000000 
0.965085 0.007368 -0.261833 0.000000 
0.250843 0.261833 0.931945 -0.000000 
0.000000 0.000000 0.000000 1.000000 
ParentIndex: 77
Name: Right arm
Index: 78
ChildCount: 4
Child Indicies: 79
Child Indicies: 80
Child Indicies: 81
Child Indicies: 82
0.912455 -0.228014 0.339758 0.000000 
0.091342 0.922898 0.374054 0.000000 
-0.398852 -0.310273 0.862930 -0.000000 
-0.000000 0.000000 0.000000 1.000000 
0.374099 -0.789956 0.485817 0.000000 
0.789957 -0.002987 -0.613155 0.000000 
0.485817 0.613156 0.622914 -0.000000 
0.000000 0.000000 0.000000 1.000000 
ParentIndex: 78
Name: B1_R
Index: 79
ChildCount: 0
0.374099 -0.789957 0.485817 0.000000 
-0.485817 -0.613156 -0.622914 0.000000 
0.789957 -0.002987 -0.613156 -0.000000 
-0.000000 0.000000 -0.000000 1.000000 
1.000000 -0.000000 -0.000000 0.000000 
0.000000 -0.000000 1.000000 0.000000 
-0.000000 -1.000000 -0.000000 -0.000000 
0.000000 -0.000000 -0.000000 1.000000 
ParentIndex: 78
Name: B2_R
Index: 80
ChildCount: 0
0.374099 -0.789957 0.485817 0.000000 
-0.485817 -0.613156 -0.622914 0.000000 
0.789957 -0.002987 -0.613156 -0.000000 
-0.000000 0.000000 -0.000000 1.000000 
1.000000 -0.000000 -0.000000 0.000000 
0.000000 -0.000000 1.000000 0.000000 
-0.000000 -1.000000 -0.000000 -0.000000 
0.000000 -0.000000 -0.000000 1.000000 
ParentIndex: 78
Name: B3_R
Index: 81
ChildCount: 0
0.374099 -0.789957 0.485818 0.000000 
-0.485818 -0.613156 -0.622914 0.000000 
0.789957 -0.002987 -0.613156 -0.000000 
-0.000000 0.000000 0.000000 1.000000 
1.000000 -0.000000 0.000000 0.000000 
-0.000000 -0.000000 1.000000 0.000000 
-0.000000 -1.000000 -0.000000 -0.000000 
0.000000 -0.000000 -0.000000 1.000000 
ParentIndex: 78
Name: Right elbow
Index: 82
ChildCount: 5
Child Indicies: 83
Child Indicies: 86
Child Indicies: 87
Child Indicies: 88
Child Indicies: 89
0.999981 -0.003922 -0.004801 0.000000 
0.003878 0.999951 -0.009118 0.000000 
0.004837 0.009100 0.999947 -0.000000 
0.000000 0.000000 0.000000 1.000000 
0.374857 -0.792897 0.480413 0.000000 
0.792897 0.005667 -0.609329 0.000000 
0.480413 0.609329 0.630810 -0.000000 
0.000000 0.000000 0.000000 1.000000 
ParentIndex: 82
Name: Sleeve_R
Index: 83
ChildCount: 2
Child Indicies: 84
Child Indicies: 85
0.374857 -0.792897 0.480413 0.000000 
-0.480413 -0.609330 -0.630810 0.000000 
0.792897 0.005667 -0.609329 -0.000000 
-0.000000 0.000000 0.000000 1.000000 
1.000000 0.000000 0.000000 0.000000 
-0.000000 -0.000000 1.000000 0.000000 
0.000000 -1.000000 -0.000000 -0.000000 
0.000000 -0.000000 -0.000000 1.000000 
ParentIndex: 83
Name: B4_R
Index: 84
ChildCount: 0
1.000000 0.000000 -0.000000 0.000000 
0.000000 1.000000 -0.000000 0.000000 
-0.000000 -0.000000 1.000000 -0.000000 
-0.000000 -0.000000 0.000000 1.000000 
1.000000 0.000000 0.000000 0.000000 
-0.000000 -0.000000 1.000000 0.000000 
0.000000 -1.000000 -0.000000 -0.000000 
0.000000 -0.000000 -0.000000 1.000000 
ParentIndex: 83
Name: B5_R
Index: 85
ChildCount: 0
1.000000 0.000000 -0.000000 0.000000 
0.000000 1.000000 -0.000000 0.000000 
-0.000000 -0.000000 1.000000 -0.000000 
-0.000000 -0.000000 0.000000 1.000000 
1.000000 -0.000000 0.000000 0.000000 
-0.000000 -0.000000 1.000000 0.000000 
-0.000000 -1.000000 -0.000000 -0.000000 
0.000000 -0.000000 -0.000000 1.000000 
ParentIndex: 82
Name: C1_R
Index: 86
ChildCount: 0
0.374857 -0.792897 0.480413 0.000000 
-0.480413 -0.609330 -0.630810 0.000000 
0.792897 0.005667 -0.609329 -0.000000 
0.000000 0.000000 0.000000 1.000000 
1.000000 0.000000 0.000000 0.000000 
-0.000000 -0.000000 1.000000 0.000000 
0.000000 -1.000000 -0.000000 -0.000000 
0.000000 -0.000000 -0.000000 1.000000 
ParentIndex: 82
Name: C2_R
Index: 87
ChildCount: 0
0.374857 -0.792897 0.480413 0.000000 
-0.480413 -0.609330 -0.630810 0.000000 
0.792897 0.005667 -0.609329 -0.000000 
-0.000000 0.000000 -0.000000 1.000000 
1.000000 0.000000 0.000000 0.000000 
-0.000000 -0.000000 1.000000 0.000000 
0.000000 -1.000000 -0.000000 -0.000000 
0.000000 -0.000000 -0.000000 1.000000 
ParentIndex: 82
Name: C3_R
Index: 88
ChildCount: 0
0.374857 -0.792897 0.480413 0.000000 
-0.480413 -0.609330 -0.630810 0.000000 
0.792897 0.005667 -0.609329 -0.000000 
0.000000 0.000000 0.000000 1.000000 
1.000000 0.000000 0.000000 0.000000 
-0.000000 -0.000000 1.000000 0.000000 
0.000000 -1.000000 -0.000000 -0.000000 
0.000000 -0.000000 -0.000000 1.000000 
ParentIndex: 82
Name: Right wrist
Index: 89
ChildCount: 7
Child Indicies: 90
Child Indicies: 91
Child Indicies: 94
Child Indicies: 97
Child Indicies: 100
Child Indicies: 103
Child Indicies: 106
0.999246 -0.021719 0.032188 0.000000 
0.020914 0.999466 0.025126 0.000000 
-0.032717 -0.024434 0.999166 -0.000000 
0.000000 0.000000 -0.000000 1.000000 
0.407259 -0.772563 0.487121 0.000000 
0.772563 0.006937 -0.634900 0.000000 
0.487121 0.634901 0.599678 -0.000000 
0.000000 0.000000 0.000000 1.000000 
ParentIndex: 89
Name: C4_R
Index: 90
ChildCount: 0
0.407259 -0.772563 0.487121 0.000000 
-0.487121 -0.634901 -0.599678 0.000000 
0.772563 0.006937 -0.634901 -0.000000 
-0.000000 0.000000 -0.000000 1.000000 
1.000000 -0.000000 -0.000000 0.000000 
0.000000 -0.000000 1.000000 0.000000 
-0.000000 -1.000000 -0.000000 -0.000000 
0.000000 -0.000000 -0.000000 1.000000 
ParentIndex: 89
Name: Thumb0_R
Index: 91
ChildCount: 1
Child Indicies: 92
0.940468 -0.007676 0.339797 0.000000 
-0.161269 0.869963 0.466001 0.000000 
-0.299187 -0.493058 0.816934 -0.000000 
-0.000000 0.000000 0.000000 1.000000 
0.554466 -0.510780 0.657017 0.000000 
0.510780 -0.414419 -0.753233 0.000000 
0.657017 0.753233 0.031114 -0.000000 
0.000000 0.000000 0.000000 1.000000 
ParentIndex: 91
Name: Thumb1_R
Index: 92
ChildCount: 1
Child Indicies: 93
0.959756 -0.048930 -0.276538 0.000000 
-0.044324 0.945970 -0.321211 0.000000 
0.277314 0.320542 0.905732 -0.000000 
-0.000000 0.000000 -0.000000 1.000000 
0.375455 -0.718800 0.585116 0.000000 
0.718800 -0.172721 -0.673420 0.000000 
0.585116 0.673420 0.451824 -0.000000 
0.000000 0.000000 0.000000 1.000000 
ParentIndex: 92
Name: Thumb2_R
Index: 93
ChildCount: 0
0.996274 -0.004697 -0.086116 0.000000 
-0.003911 0.995028 -0.099520 0.000000 
0.086155 0.099486 0.991302 -0.000000 
0.000000 0.000000 -0.000000 1.000000 
0.327044 -0.774925 0.540864 0.000000 
0.774925 -0.107655 -0.622817 0.000000 
0.540863 0.622818 0.565301 -0.000000 
0.000000 0.000000 0.000000 1.000000 
ParentIndex: 89
Name: IndexFinger1_R
Index: 94
ChildCount: 1
Child Indicies: 95
0.999917 0.005860 -0.011465 0.000000 
-0.005975 0.999932 -0.010008 0.000000 
0.011406 0.010076 0.999884 -0.000000 
-0.000000 0.000000 0.000000 1.000000 
0.397113 -0.779818 0.483926 0.000000 
0.779819 0.008675 -0.625945 0.000000 
0.483926 0.625946 0.611562 -0.000000 
0.000000 0.000000 0.000000 1.000000 
ParentIndex: 94
Name: IndexFinger2_R
Index: 95
ChildCount: 1
Child Indicies: 96
0.999507 0.023841 -0.020415 0.000000 
-0.023985 0.999689 -0.006859 0.000000 
0.020245 0.007345 0.999768 -0.000000 
0.000000 0.000000 -0.000000 1.000000 
0.368446 -0.792420 0.486125 0.000000 
0.792420 -0.005739 -0.609949 0.000000 
0.486125 0.609949 0.625815 -0.000000 
0.000000 0.000000 0.000000 1.000000 
ParentIndex: 95
Name: IndexFinger3_R
Index: 96
ChildCount: 0
0.999942 -0.000278 -0.010798 0.000000 
0.000130 0.999906 -0.013708 0.000000 
0.010800 0.013705 0.999848 -0.000000 
0.000000 0.000000 -0.000000 1.000000 
0.363396 -0.798961 0.479170 0.000000 
0.798961 0.002726 -0.601376 0.000000 
0.479170 0.601376 0.639330 -0.000000 
0.000000 0.000000 0.000000 1.000000 
ParentIndex: 89
Name: MiddleFinger1_R
Index: 97
ChildCount: 1
Child Indicies: 98
0.997953 0.044848 -0.045601 0.000000 
-0.045821 0.998739 -0.020518 0.000000 
0.044623 0.022565 0.998749 -0.000000 
-0.000000 0.000000 -0.000000 1.000000 
0.349564 -0.800244 0.487252 0.000000 
0.800244 -0.015445 -0.599475 0.000000 
0.487252 0.599476 0.634991 -0.000000 
0.000000 0.000000 0.000000 1.000000 
ParentIndex: 97
Name: MiddleFinger2_R
Index: 98
ChildCount: 1
Child Indicies: 99
0.999745 -0.020918 0.008456 0.000000 
0.020963 0.999766 -0.005265 0.000000 
-0.008344 0.005441 0.999950 -0.000000 
-0.000000 0.000000 0.000000 1.000000 
0.370335 -0.795294 0.479957 0.000000 
0.795294 0.004491 -0.606207 0.000000 
