MaterialCount:1
Material: 0.000000 0.000000 0.000000 1.000000 0.800000 0.800000 0.800000 1.000000 0.500000 0.500000 0.500000 1.000000
MaterialPower: 6.311791
DiffuseMapName: 2k_sun.jpg
NormalMapName: <none>
SpecularMapName: <none>
